0,1,2,3,4,5,6,7,8,9,10,11,12,13,14,15,16,17,18,19,20,21,22,23,24,25,26,27,28,29,30,31,32,33,34,35,36,37,38,39,40,41,42,43,44,45,46,47,48,49,50,51,52,53,54,55,56,57,58,59,60,61,62,63,64,65,66,67,68,69,70,71,72,73,74,75,76,77,78,79,80,81,82,83,84,85,86,87,88,89,90,TOD
-0.040591859205812986,-0.0384186650224731,-0.03503963697060816,-0.143891398185094,0.061499354740192934,-0.06247303502511338,-0.11203077026207699,0.025225861251819345,0.015267556550436948,-0.0887535720212903,-0.05650909586756372,-0.06866237534375985,0.15578583809352356,-0.11880818351054762,0.06333028147607075,-0.11123419028525829,-0.22305289838289016,-0.02931523756972556,0.04185051072706443,-0.04544234435133937,0.016412940669544407,-0.06273660893912779,0.001778687384557269,-0.1520182528833803,0.0328481812442661,-0.14409557499114511,0.03744205397170797,-0.029568117687491395,-0.04750025664155713,0.15586854197392197,0.10196618121233642,0.02266402242899268,-0.02505202165246294,0.004791170485217329,0.001147938788697018,-0.07952851992990731,0.18450445396138057,-0.010927848256893462,-0.05391443618216375,-0.04666112259619465,-0.04176459256500708,0.02782560260095513,-0.2141001624441869,-0.10612583473500126,0.10334672376432429,-0.04293765972872017,-0.021079310476451202,0.00112803134352963,-0.10843553232604834,0.07123121197514944,-0.050125417778101186,0.10998901294752422,-0.10567553023886929,-0.027895563869178013,-0.19551265420616962,0.13951238084831216,0.17162380376306702,-0.06548771842631557,-0.03060036761861846,0.13091675379305706,0.12691771485079612,-0.011101199193073175,0.26342737746011663,-0.07759278609550745,-0.05521127468761032,-0.07002168120442288,0.021549484150645958,-0.06179147810670059,-0.31163501995445536,-0.1806625403736227,0.030172860264020773,-0.027828077087919324,-0.15617829411824583,0.07991978403233993,0.05286780530903494,-0.03266558738836861,0.0020060987862830504,0.07355599705915222,-0.2339292138133363,0.03368205646479304,-0.011612687583348293,-0.0026450850542503387,0.06344190260040893,-0.09948635898873814,-0.06847858368466914,-0.026923930187581067,0.14455128908929238,-0.046966903549289105,0.2701409154390926,0.1595025375521813,-0.071567024146036,1.19285899045282
0.021320231741909827,-0.05302813819073479,0.1126063758104543,-0.24212405983203633,-0.07647837298018745,0.07322523536094203,-0.09066015212277174,0.026689589754845314,-0.10026224278692727,-0.02351923031853599,-0.09841421193169081,-0.061813791742838825,0.06945158801022011,-0.12045332092516356,0.0976982424573796,-0.08963482372611381,-0.05995938083595918,-0.028583954392020525,-0.00920262540344749,0.10852534047871916,-0.000492918802239891,-0.047176553773060015,0.01757949996921313,-0.033918146438118725,0.0569484082369738,0.08723121487123617,0.07799978522894115,0.016536443151015198,-0.07874091584909812,-0.08657490313657777,0.09964258760866036,0.07005552494634157,-0.018906463176302596,0.00936206207519201,-0.12436679962679002,-0.06715645420757764,0.22478990865928605,-0.0956000274964199,-0.0664600538339189,-0.014684626721751796,0.022766169531638604,0.03379994148876048,-0.061743412620521645,-0.03805950994290532,0.017357571070249447,0.10049903172560803,0.04775159995821922,-0.06225879500273121,-0.17758255563894274,0.018591779195445978,-0.022168741812464213,-0.04499663743990816,-0.04555488571704569,-0.008714784872515119,-0.13318960330619317,0.189144032880856,-0.030253815441325386,0.003841003222910179,-0.028889001422833502,0.11834147571220328,0.156515312139324,0.11964647745752666,0.12847242157474928,-0.028076016559960115,-0.12698975904713045,0.08599029418256182,0.023217742708359915,0.011850216783878868,-0.2064639649702288,-0.0838260472741619,0.05236482549757035,-0.10158192851874667,-0.08434202678476707,0.07733795139080545,0.05526893138633233,0.026563946527654973,-0.027582606260100086,0.004480198623773746,-0.15178492353123885,-0.18021953471336638,0.03300298841887726,-0.009527527135855135,0.1317810413429114,-0.02507646535274977,0.05514180444465065,0.027643493232872296,0.14078186435109988,0.050494166360183626,0.05432719971781229,0.12913436531977857,0.043313305650909295,2.29796221875781
0.02028518255977954,0.015387466067463246,-0.1059920012591832,-0.04793965206061161,-0.039824176952277954,0.13827252555705988,-0.10425443973960027,-0.019149428518630444,-0.010812008750299182,-0.062015572873570096,-0.06656696314292125,-0.11465380326672059,-0.023758077741724837,-0.04713974523088228,0.0888647272974755,-0.14501172876392482,0.02478313638535283,-0.018467426287653896,-0.03387380869945509,0.258598273136545,-0.02944182649335883,-0.09302052006931467,-0.0050195117839685575,-0.021570706411085896,0.07859017950541328,0.02524430430152815,0.184387605478943,-0.01579973178333416,-0.15272811417462118,-0.13635008995436068,0.04504371550578916,0.012580205360738526,0.0837977441520808,0.018687900052528003,0.04278245623736572,0.00883995741355394,0.24050434407777593,-0.13083833214814822,0.007916351519542543,0.13248799761824873,0.03081123010674798,-0.13811222088995584,-0.13775246431812632,-0.010984896399522902,0.06229676308183596,0.13120178429062782,0.12366681245441191,-0.01981854932999713,-0.13657359132296504,0.040183833284234166,-0.12996350431857465,0.044628293341564026,-0.0016731454373568148,0.04104014490256773,-0.07292557224142893,0.03346714981212158,-0.09296269959245125,-0.0016603060631619742,-0.04109763129146444,0.14009492367285642,0.0517929558460205,0.020980132079324552,0.06334333254584426,0.005258170661967682,-0.029053927874479087,0.08837069052293674,0.025383095527728834,0.028832508390104268,-0.0558854760642795,-0.186109512219689,0.06701655467009734,0.0767560920015187,0.05527537179796772,0.007728650330571282,0.04727202203132351,0.020262340590453686,-0.06522030198256124,0.12175164312330486,-0.16564656771460345,-0.06750753082114604,-0.009801550090463452,-0.11869248867940513,0.010157251562721573,0.09128040854765468,-0.07368770948512435,-0.016774491115438904,0.10660972651210582,0.11774170649442248,-0.019994245739644284,0.10376656462974376,0.10554617185626906,2.42911438783746
0.0055824003566680575,0.01590293295912855,-0.053006612667270546,0.05044513185846365,0.008338076233485175,-0.08177654508332699,-0.11181480588446346,-0.016094640263227475,-0.05334208835256421,-0.023625453811841588,0.03245662145166406,-0.05383196882691865,-0.08949399480655842,0.05041837237780959,0.006683808177514312,-0.14527334341592227,0.02300312890509488,-0.014538730457183114,-0.02395676711437328,0.18396584092316048,0.11182473559597024,0.01866001537191833,-0.05722443930507998,-0.07443133632701894,0.11443572176646394,-0.046103204824535504,0.13408625317303424,-0.0013879346649829788,-0.14061270651229943,-0.12918256031392011,-0.0502579960401688,0.03297458636684174,0.06346856815917415,-0.06073430258012143,0.3137006352023718,-0.052871257447523856,-0.011433730882735662,-0.0144536449143109,0.029384022249201162,0.10478714198808872,-0.026322211373770436,-0.09820934336742275,-0.07314386791343423,0.07798615206546758,-0.004680872491374473,0.012911254925090453,0.12867719837089703,0.03586636917533208,-0.026180700784903928,0.006789757206811506,-0.248055608668793,0.05716934263568811,0.08236049885727531,0.01074831498167586,-0.10133838896472966,-0.010975442831860756,-0.05937681884938206,-0.059274238194042886,-0.1989532725103153,0.12089963116379727,0.02548172622184141,-0.07293596050473712,0.000892131469088675,-0.06186800242824573,-0.015509665130141112,0.0183339861893431,-0.050559083066522424,0.05310559069134525,0.020943574389609115,-0.13482112091633874,-0.08445060461339092,0.11162106853227136,0.1054004925241857,0.19913929948622847,0.08238067225925799,0.02555599524465115,-0.030083442849638577,0.16927224286496526,-0.09032694345972389,0.09263783903213384,-0.0007413285732414537,-0.08675394664419375,0.008254994882841798,-0.11954938215315528,-0.25898788479531515,-0.0017417679455534602,0.11474303541517454,0.16504782606587937,0.040969740065938884,-0.03760353657181581,0.01060832810619948,2.4291236317457
0.021566236578485054,-0.07839068507096618,-0.029785553040425558,-0.02189865699768099,0.02474488055982898,-0.19063235403196818,-0.05999354937048337,-0.06548670648885543,-0.06752737536555294,-0.07113590432484818,-0.03659590340980121,-0.11947818348747893,-0.1027475948992656,0.044441858474988785,-0.023168245016570114,-0.14361383557805307,0.02348813985914172,-0.07061628037135675,0.031252421004505766,0.083268352705637,0.03777069505420035,-0.0006025660756783513,-0.08043888671221128,-0.18779941388695287,0.10784537341863448,-0.0834146906404249,-0.018595594097530838,0.058608750463134095,0.056262402075493816,-0.17061163677223412,-0.15289545427219262,0.02830322291534485,0.14333647469500863,-0.048638740720630784,0.3319208635214831,-0.07384107693405066,-0.04656437515489961,-0.09934790954724285,-0.04229668988002626,0.0743129920884273,0.003255104505440677,-0.06399899042739964,-0.14920205161013791,0.044869750942176455,0.09548861492410549,0.07004345938485289,-0.11355194152350559,-0.099098300347035,-0.025255663285336055,0.052057474476560554,-0.09931591968907603,0.049740199226942235,0.033998134625748196,0.08865641505876001,-0.13176631753770968,-0.09033738997840728,0.041363669973426685,-0.03508349082835379,-0.09383631767773098,0.18271132310225105,0.0067973382084969055,-0.1332699102029898,0.03826548590648393,-0.0295613686000524,0.03920674882513796,-0.02956320271459027,0.09235270047280818,0.04592286176007049,0.008501995038226233,-0.10352177727901953,-0.10298570367402735,0.20494169796549666,-0.11188504261341245,0.08233401334379209,0.04696185060391425,0.08141456894892012,-0.06351675247919192,0.24660913626018843,-0.13239934150701563,0.019946343173155474,-0.0674947622601162,-0.0017331464635281027,0.06604243390955963,-0.21352143604484464,-0.23279484832039704,0.01966546413586139,0.2384782196736312,0.12561416271572212,0.01116064439129926,-0.04518688576740225,0.03754723943885695,2.45122491326154
0.11152570842757284,-0.18239366014530042,0.007120774493170258,-0.09143059048386086,-0.07228537360933592,-0.2214579403175092,-0.0126703421653961,0.015295030636744814,-0.01404606440998761,-0.07115798152779264,-0.04275887396145412,-0.2605352634517398,-0.03700576614174435,-7.972592074829195e-05,-0.044845981063741436,-0.11760301377161754,-0.03148074704331656,-0.15431594824625472,0.007930716888987811,-0.10352246499222735,0.13360209359335415,0.06112875198726317,-0.10633563891381734,-0.250853715132278,0.007406587002914647,-0.12336530286801219,0.00037776744244307284,0.08627097032985043,0.12659293189076062,-0.04418116151638365,-0.24679280998340727,0.0571160732838618,0.10628905842860588,-0.10284647667563274,0.2118917618042335,0.07078140716776832,-0.048172593650370694,-0.202658082348308,-0.1995726066468962,-0.0783457153231494,0.05958565930344409,-0.116412794660046,-0.056041289096915116,-0.05082213921866261,0.21267399022457273,0.16763971554084672,-0.13286523209892648,-0.005983293215289856,-0.07444640971735324,0.08564539738144814,0.18764861413944373,0.1437496478003651,-0.07018558434733319,0.11352776398184118,-0.21805956257250594,0.03108364112855111,0.20461870091287332,-0.0033811406315315123,-0.06045602346190626,0.08150795213746242,0.08140330647671748,-0.23124707443976508,0.07217960754786645,-0.024516381260504334,0.0038705803179828954,-0.07579766474396706,0.12674657358117425,0.041957669526295524,-0.04146732865509043,-0.15210842081207218,-0.10811971220095172,0.1310223996237246,-0.15043351013318257,-0.10893022432266564,0.10611424418368601,-0.007346681953085715,-0.05202573589539248,0.10172324582830428,-0.18162261889258666,-0.07913715417479544,-0.03836214780156148,-0.10576706536149955,0.09687276439825118,-0.10454344177379982,-0.14916440355625643,-0.02902893582982904,0.3080023879134319,0.08423719345593397,0.09326042731900079,0.1222799045289949,-0.04423030798582157,2.63037099195316
0.0003907867657192039,-0.1331871653980441,-0.030187021622740354,-0.32508563522448397,-0.08391888215981655,-0.27998228421716104,0.03462062752932028,0.0013325825753268804,0.1018339923100034,0.020029634369896146,-0.13789509915321302,-0.14520935164558857,0.06008121713511164,-0.08101190226513691,-0.023931959871918616,-0.15533776353875173,0.006480808092413505,-0.21376427814430377,-0.10247219377287403,-0.027170920155603254,0.12881496850524213,0.12184686179478002,-0.1164448611585123,-0.18959979718801462,-0.04676979521669813,0.04562558593126199,-0.0021398337679604876,0.06957460053002136,0.17409306027294305,-0.0518976255918409,-0.09559539228212881,0.07041479345014796,0.10946165911981967,-0.06942674207553927,0.16913129380145409,0.2186363081151443,0.24487764290674013,-0.14337537777843967,-0.15454553041451113,-0.16981280768201784,0.06085252616628645,-0.10948643956801922,0.09986751141207006,0.043322228924196474,0.10544489237790258,0.11205726535426601,-0.11836156877606906,0.0038151827795881443,-0.21337017968303676,0.15735251541792533,0.30472372246235996,-0.06014638582187969,-0.12925802538324155,0.17059586748368627,-0.16092825895633012,0.074771072401414,0.25355142205043246,0.06311344979247428,0.041227482236197786,-0.07289262673421137,0.24452195156675532,-0.12999577634799106,0.20985822188206596,-0.031543556347100495,-0.09478641109222725,-0.02650797078742518,0.142635990420416,-0.0056123910090356555,-0.0579584375944035,-0.26043548482364837,-0.1437526391281819,-0.012049121840017558,-0.15148294019608946,-0.23581049340909327,0.13253245938440972,-0.10503281254905433,-0.10239141534548239,0.031309170519971556,-0.05551184215563641,-0.27201101598157895,-0.04858810987549568,-0.0029409379008023886,0.09189641999989234,0.06461274967504466,-0.13316977138167388,-0.09790178802072136,0.20948006952806164,0.07749695911644831,0.06389909432743797,0.21224196104766913,-0.07527117707915833,2.63174551461424
-0.09855748850486257,0.006219037671066876,0.01881542536318967,-0.012432559616928539,-0.02371250659793326,-0.22019387986647357,0.03335386105325035,-0.04560699830344708,0.061219973293102393,0.1405354847090087,-0.09104097003350667,0.002609738385879329,0.052397646171117446,0.03253752727403965,-0.043520971893763374,-0.12284423288654793,0.0019368784093133696,-0.11344043865211607,-0.25233879685231675,0.028823425856506553,0.16708089024062422,0.1183419522324981,-0.029955825003607724,-0.010117917163398089,-0.046657474849672156,0.01449811532012917,0.006645135693862658,-0.09948953096916452,0.10554257586092067,0.03611542541917859,-0.0005352515428339146,0.18282256693577706,0.07484722910154433,-0.03368711940858442,0.1673555957129191,0.3463550671302728,0.21885860060057738,0.12408800554675302,-0.16021828399869512,-0.12843802026476597,0.05694133142500824,-0.06838879941660289,0.2757740886883246,0.13739551031470476,-0.016341761559820565,-0.05921032350511243,-0.06538732008970541,-0.028015961186520718,-0.14059666263823786,0.07709637547305892,0.11263464347268093,-0.05500040797829581,-0.01924013403442413,0.08484278762095941,-0.0721516161015317,0.12976444122769049,0.10219817203745069,-0.04958592632659374,0.010844148686725199,-0.08248410083112973,0.17350167351381673,-0.1959737009712454,0.05779759775668732,-0.06584939916391273,-0.16217273201754698,-0.09605565364754215,-0.06399950624984957,0.03938134917303833,0.06267906529101966,-0.1808877308490375,-0.2250167079237388,-0.09439382294350314,0.07615676509797172,-0.0798921628636505,0.1174763202740229,-0.1062896659447081,-0.017603939426603682,0.010716640609073524,0.02669937812596789,0.0168186197998618,-0.0680153081337818,-0.02919869806715722,0.06783110568479361,0.11955411000277368,-0.11071153132956035,-0.13226682008167834,-0.01802912169503393,-0.012587629889702218,0.0314019049588918,0.1263021093631344,-0.005276007809094711,2.6328874323846
-0.07088766537768515,0.08936285741878777,-0.07043464611981262,0.09405579090087166,0.11690470706406814,-0.050941351210931005,-0.006746533271418389,-0.14755052232673785,0.014004193950018728,0.11038028663935492,-0.05158766268361521,0.1188710353450982,0.03889759408899175,0.07843847512208868,0.05734222726987888,-0.07759407012801683,0.06617809735732536,-0.014254773138485097,-0.2159994537522077,0.03703684355091487,0.03387351765419089,0.08845595149505814,-0.002944897886025963,0.012863696818618153,0.08375928803836444,-0.01684783045076834,-0.02695757848242796,-0.016832185483201638,0.04423147939589814,-0.0713411784558737,-0.08137683695734552,0.21767642267354617,-0.051219077599011106,0.014348334776873754,0.013400199102188648,0.3749412135376494,0.1457638710488235,0.2237077325467563,-0.02458122030919764,-0.1213510422108102,0.015637506329361735,-0.16504213737612647,0.20637169186191046,0.09021016664520623,0.022622478375044032,-0.05864222726395391,-0.06467943232850286,-0.005430021067164224,-0.07918027473777484,0.10594314675568575,-0.04411949619137922,0.04127886725264146,-0.027681947368721746,-0.0024143424075502226,-0.005917949137111765,0.2273092445335943,-0.07855451025521087,-0.053999477427800396,0.04758465322404436,-0.08763586939906531,0.058542854707719055,-0.1727071359506651,-0.041860805750778954,-0.016361752628705838,-0.05350253636205635,-0.1665726846158187,-0.19529213438454943,0.05244240432817614,0.11954565582545593,-0.14493038455353405,-0.2091563929731719,-0.18204997653174784,0.24658766401926718,-0.08277794031738511,0.12627287701971207,-0.06791153773426033,-0.013391592652406872,0.013402270356071791,0.1664208016083499,0.12409457957119749,-0.06451884346547214,-0.07311570969183952,0.12527062673889,0.07234106485086739,-0.018234316278043824,-0.016693009405618575,-0.07988458548129965,0.02695532327669389,-0.01375972376053693,0.02947832728874132,0.05502348008650672,2.63291498419013
-0.14718758249552025,-0.016161950661809015,-0.1627048585706004,0.16419514804708904,0.158904563457599,0.04721737022904658,-0.05267003019261145,-0.10977935209366281,-0.06986411900030218,0.06785840922668791,0.048662202064309545,0.12440724886371686,0.1340978749921553,0.11467956749556343,0.046118929153258575,0.00640563576536818,-0.010355014401862591,-0.04685726024540472,-0.12364751567688663,0.13078551079203443,-0.014428682624289795,0.06651659841358935,0.05153443374363937,0.08593291798051848,0.13402156050395533,-0.018261969058754497,-0.0071818052814291485,0.09018168701951511,-0.1062797093035897,-0.1329914741290791,-0.22259100126160963,0.06023993477896473,-0.192566654687565,0.08300429643166293,-0.08733011781940304,0.297296546078663,0.08563486702588667,0.18371560598093656,0.03432720645863166,-0.01612761312436335,-0.027209013722110816,-0.16520196230069117,0.16310151199593628,0.167424819324047,0.06112418423791814,-0.07762275064658063,0.07625557894702129,0.009715145597344588,-0.04494177692693206,0.21893149932654973,0.030585005501933733,0.04200721502907891,-0.03969668423252563,-0.12542451798056273,-0.007743748935116878,0.06034789419813255,-0.14903530675628696,-0.009609357741301658,0.02907295243705972,-0.024102626459032377,0.04735438223157177,-0.052463015594572296,0.029836635758643808,-0.06385045595521538,-0.15094869358131902,-0.10489445385424942,-0.10907678355795827,0.07663827524223786,0.020473351380860223,-0.12209043227275582,-0.2574723788532986,0.016873783166361643,0.14025388046480708,-0.06511333806397258,0.1353231410408245,-0.07270434575662126,-0.0005093507785651069,0.03657080340685053,0.05954434543548598,0.2522431710135594,-0.13746425357681452,0.03170261923551356,-0.07816649779720262,0.06752525610984209,0.12591011585118336,0.033015943083910995,-0.09639315947023949,-0.013886826079730956,-0.04252195917540863,0.10153233561004549,0.043130635736069255,2.73961932801773
-0.03424642658547802,-0.019540282658663997,-0.06337981134630308,0.07531425885667385,0.0730439889882644,0.06251574114048389,-0.11070591730813326,0.0397859124362053,-0.12538682921353866,0.07331291783711225,0.06682803531453817,-0.11043362733650587,0.05988392727101083,0.11619112223979997,0.05071719358222018,0.05953841595547243,-0.027866397847069898,0.04819207697303157,0.06628434103539949,0.21393547618187259,-0.22490302891741848,0.013692942515157886,0.07158600662213727,0.11628157251795267,0.10365493811584678,0.02768263623995755,-0.0469314949265136,0.16572595677306712,-0.08028848051389358,-0.09648823275739558,-0.20240881248122675,-0.034790590071519904,-0.08249031777879956,0.09340099581522279,-0.10488562467985232,0.20514448458854767,-0.02477208674269712,0.08930623960562259,-0.03196022387321759,-0.028571521994813442,-0.04838000449348717,-0.050887272334644386,0.019356305637473807,0.036631906618092985,0.020848983972966494,-0.00826454640765284,0.08828167643240606,0.21531524608550526,-0.0019691131997977666,0.14195400397846553,0.025661423838904997,0.026440504535584254,0.003209655793000886,-0.24308719059372483,-0.012308848561430366,0.025243247769943855,-0.08181193223739587,0.07718805452884124,-0.062210925975631326,-0.013160929348208655,-0.10173034273837149,0.009381827638208011,0.0506969105868176,-0.13962568355067637,-0.09619373352723935,-0.023800696003620038,-0.00472817593444589,0.09247111931113428,-0.09148386943982094,-0.0012397626336659966,-0.13346714483272093,0.05939762919053282,-0.023478058978140023,-0.0292171986562375,0.18569160974871055,0.036762830245658615,-0.020382487963113774,0.012549122904570801,0.027662051491266073,0.10205162316634372,-0.20578550385878835,0.002862201764443628,-0.15631868809888874,0.04016206624855604,0.20494342082473954,0.07496214424243647,-0.1129721676165713,-0.026630447777191542,0.04870037125777612,0.0755624790036984,-0.014506936432483842,2.74010038968903
-0.03330529824973922,0.07496034607115734,-0.04734422026569135,0.030270865845180725,-0.08949392536087282,0.004293518502624619,-0.0744748821379064,0.07112032794531511,-0.1572286869033914,0.03910212930604272,0.02519117953324662,-0.09675376051503806,-0.06322474541714605,0.13120532110251518,-0.21724060383709215,0.17266586167887868,-0.04747031023593813,0.03328720077536847,0.14167824816584196,0.10658797320065114,-0.11944481453832735,-0.07609752499134625,0.15303723597124275,0.10700372765826505,0.012723145508271631,0.0791507226247086,-0.07131886068938983,0.02370548063090879,-0.06962723804935672,-0.1692147290210004,-0.18569268584711557,0.039061610319519574,-0.008351802311363135,0.10294690775423813,-0.030965028436891365,0.016547440662859344,-0.07669154568009635,0.07533062049312433,-0.03409501005443221,-0.045664592960407466,-0.03607633408896878,0.007800861727384506,0.09848111796143,-0.007490553056039292,0.08053373227009203,0.06793724231812498,0.11489087253256466,0.152793699203826,-0.054260163244889775,0.03988519004135638,0.04046509187793802,-0.06701446484594116,0.0744863692994028,-0.17471802547487014,-0.020317867226736994,-0.025069303340862922,0.0015519153577252705,0.058197000408769274,-0.006550479854146682,-0.21346261852374598,-0.04454643816568974,0.015816695316249074,-0.04873615980192083,-0.08846163059399885,-0.09084834390121951,-0.03410303840594051,0.04964950879806275,0.1742690420448264,-0.025387369357480184,0.0172604849776052,0.045526499520991,0.07868677002644424,0.029876274485043968,0.050421462694008004,0.12707666039505197,0.1349921920528317,-0.12257832256768567,0.06845129797154424,0.21934988252491205,0.03975327323228946,-0.20282735324756393,0.08728412385041401,-0.036736245099389594,-0.10334146345572873,0.10118160178469826,0.10618561972957484,-0.15530991103483868,-0.10957944194669825,-0.1362147165502528,0.03826736001106084,0.009777241736142691,2.74960823450338
0.09025285153040782,0.02320738357365437,-0.08373513033495614,0.1365118815058274,-0.19381018178524725,-0.04371254702847803,-0.0491510323592326,0.11111442469929754,-0.14957308457070842,-0.020508461402159714,0.0869693630803686,-0.016979884923976757,-0.09519357485498077,0.15615046517396422,-0.32765959944156403,0.0821971699415711,-0.12773467220417828,0.03370425950037245,0.039803908554038245,0.024219444495509935,0.17216496398172515,-0.03659128735307847,0.12680127224014492,0.08418133676545463,-0.08192284273101538,0.04613714799966166,-0.09487234573290917,-0.14850990713151324,-0.026690154087843226,-0.07564686185092921,-0.07645035440928158,0.14530683780270384,0.03229741107454527,0.064354845559631,-0.0638680528034372,-0.13080384417537055,0.06593828118420884,0.1706998777437025,-0.14824577005155593,-0.1723412090760916,-0.10348396202662892,0.06042634569879229,0.08594614942052307,-0.0017072560682833728,0.0756142160760531,0.05045438144454502,-0.03503596323599719,0.0024026038550421652,-0.018034150759980785,-0.10307723594224215,0.054293638488124324,-0.09352117970231436,0.053781840134570165,0.06504224394655075,-0.09383243217730977,0.015812194690087072,0.11733339164654001,-0.05382955580111893,0.00879054487152943,-0.3189906974333079,-0.05698796264656094,-0.052372850156557266,-0.13830512553717195,-0.009557076198396687,-0.1293784633035546,-0.14516877682885151,0.05168514193068956,0.16553279253947747,0.050761749036797296,-0.000611687613426528,0.10657244121793358,0.04741332935751012,0.03742192613458841,5.22124518040519e-06,0.09009761783206356,0.11610393935341456,-0.12498170762118863,0.03885680560567617,0.12411505351165208,0.1976063327945316,-0.15407748786997982,0.07776206708496991,0.035763291664425004,-0.05585788683322396,0.09729607660469913,0.08097641690638516,-0.13613416107343648,-0.10680202383533623,-0.15700217173576977,0.009090877736052019,-0.10085647017793806,2.76127856056312
0.05267909959478085,-0.15185023736908174,-0.16339030039095753,0.18322414385842423,-0.06269667472897092,-0.10324720805844743,-0.013480597444309303,-0.09298577137556359,-0.2191372651738388,-0.07229218014476453,0.14350160358187591,-0.01811063519845644,-0.09746015217524542,0.06517901185155454,-0.17040284764056832,-0.11927724838237418,-0.01850932252965561,0.0807459513481766,0.09279039277630093,0.050128833072416945,0.25752040939090526,-0.020275550838401935,0.06522023309053743,0.06399479272451428,-0.010375006056204849,0.07154479734823171,-0.04345976395152823,-0.19331391007143056,-0.036047880446051825,-0.06887728903493734,-0.015289636816785978,0.19259235149636778,-0.010249755970172258,-0.1576863983114388,-0.04725346664122888,-0.18718283558599969,0.2637476487508835,0.16960019762866,0.0017812177740002405,-0.20567393289194552,-0.1355000224730433,-0.009896641015821345,0.1754354209645643,0.09952050006067752,0.04093960173755564,0.03021592552920888,0.027394605968107603,-0.009296988141687973,-0.0012312901338212834,-0.003659845674133348,0.1463541902541306,-0.1528048335344961,0.021320115321784405,0.16691296024441585,-0.10022714401012744,0.02217940210742836,0.06613654327150388,-0.0758549191840225,0.1605460743307365,-0.3397523132486374,-0.12439675989070259,-0.03459063736746003,-0.07173912148313802,0.04887770871246948,-0.14122491394841796,-0.08325400249149868,0.03329593208307214,0.07038760577146687,0.0703719811814015,-0.09763733069409383,0.02037138884822816,-0.02203183415310534,0.09507793003533536,-0.1823965757574069,0.09779622763192325,0.01951189928934409,-0.0803161739449675,-0.05325786474596416,0.11620766276608444,0.12906079696249095,-0.05980736872088536,-0.026782234555564763,0.055045018274292146,0.0729024776421564,0.052307435703179424,-0.055468565201347964,-0.0698812872211504,-0.044000357374712314,-0.08786199969812553,-0.03240860987285574,-0.08393381015329701,2.87886410871315
-0.09203819730165816,-0.1317735753094489,-0.19677359619389462,0.24079190494449002,0.14405195207909255,-0.104109802957275,-0.07819861004202673,-0.1832320087057861,-0.07934637096905277,-0.1620658832532444,0.03586287845696038,0.020076357056930602,-0.004876017698268224,0.08137456223634307,-0.08475224166306046,-0.1336106439980584,0.011316666354979604,0.1129005663425061,0.04792605263872593,-0.018772383916067135,0.17874811529247658,0.06597046600458986,0.06402659811776354,0.10193516820206044,0.0435239641977717,-0.030038662669742974,-0.010502163081525837,-0.09780832914784617,-0.06739463837830771,-0.12935378402524506,-0.0700707406880405,0.21300225776868648,-0.11558857315885676,-0.16138828221237503,0.06853347137238443,-0.08212740367124376,0.16434430536362285,0.08405943209505168,-0.04424504820750612,-0.022425082386826403,-0.0866192376721921,-0.11464004806504932,0.09395076821723848,0.07968513776698105,0.0935751988098017,0.05950769122349686,0.01046827960034196,-0.05279157651824108,-0.003448396760506456,0.01063217776011594,-0.02502233609438867,-0.0365502291965901,-0.021827540425259005,0.0773084269725889,-0.13179101123933898,-0.021437383148674438,0.1337296861274134,-0.0875280584086466,0.15005108328046105,-0.16014172682672936,-0.08586278481682247,-0.09031904194288617,-0.07456971236718334,0.0035468384850110522,-0.2599862328375538,-0.18067889771035683,-0.0039002788740382975,0.02344415784969086,0.07150241149591484,-0.015013869961186338,-0.10336852696199392,0.002284703963278324,-0.024327365304879174,-0.21939568900872852,0.09139021340594279,-0.026745432877512396,-0.023060926776458303,0.04460459721806441,-0.05577313247855095,0.2577656948942635,0.00215460155215299,-0.0925769334854491,-0.028973383802392203,0.13764374597360002,0.028030224312103946,-0.08723796510882868,-0.15982984317510907,-0.034325032409093584,0.008254124430462365,-0.013462747138358742,-0.1781758237580233,2.87968817556872
-0.12245623680121762,-0.1480929629960192,-0.09365204600266963,-0.049002666401151765,0.2174314102244054,-0.13258470551802284,-0.044577558444082094,-0.09787579971282181,-0.029706703367609798,-0.15416393033986306,0.03450106784416777,0.043469255766961944,-0.021942096651181013,0.03564438367980764,-0.06863021356217017,-0.04026718630864539,0.022644454359488548,0.1874178438592149,0.011361891257208812,0.18814870387439653,0.01153691733427743,0.09154386578615455,0.027220183752366865,0.04430909687472142,0.09940054187371486,0.04956642645512409,0.0018949914325574226,0.05456555636090929,-0.04902079531182761,-0.30299669960170944,0.0014199350661042356,0.11168063055607233,-0.035619799680585595,-0.023040830656435307,0.1644234843732376,-0.055546042172360435,0.22792029617363124,0.06416930904779428,0.1704313992602354,0.0421499435978445,-0.053638916366978644,-0.053250939736070764,0.08065300615816694,0.13518142516501358,0.040797475879377834,0.033278025219625466,-0.009039784823366433,-0.010372808541124262,0.13150046764079185,-0.0003946097385130413,-0.035024432134960815,-0.07223685536958353,-0.03421992804867868,0.0682482141209072,-0.1902713866092743,0.03347466925953229,0.0475628573771406,-0.03537313677430426,0.06887793783965489,-0.03281648451495396,-0.14141439460887512,-0.09294233700800167,-0.009107789061313903,-0.05632178730313135,-0.13184788915100673,-0.08387568850632883,-0.02231905219231358,0.035729111974706615,0.0002183661575447006,-0.007056317764659502,-0.14274727270039123,-0.01769049618554653,-0.08518176933450325,-0.06453124954051145,0.12259307067116343,-0.02115823766211341,0.06725659169738502,-0.017453549820875887,0.08436330483996887,0.04885352574897976,-0.12086891237852852,-0.04148230421416545,-0.11805136715143535,0.021973593705056325,-0.06971923510118788,-0.037426263495964535,-0.16266550881446917,0.10741932009115379,-0.1393233067847927,-0.022698353040563328,-0.12870433841915271,2.87994143010178
-0.026369167258070626,-0.025047005749163024,-0.08428033929265266,-0.18099152663594617,0.15740989472592823,-0.15923356341796635,-0.0702588880628456,-0.035089561930552196,-0.08723526926783737,-0.04932877070515748,0.07368556645053048,0.0749661300125223,0.023376706892359732,0.04019347197030903,-0.041037476179693666,-0.036468878225668785,-0.007457364682082926,0.04352752332930815,0.004074809653501238,-0.01703347611215264,-0.026966683375907408,0.020769892270084807,0.03887868566955652,0.06366692075492791,0.03199839075710866,0.059299837215219066,0.053769783940356225,0.06682308294530963,0.01721345482108505,-0.1735288805583155,0.0373184863447819,0.0062292772083235234,0.0781999492098438,-0.017779991484512984,0.06713389889663546,-0.03253510222926256,0.10130746038944762,-0.02542930193944566,0.072997275754866,-0.06858110731700873,-0.04937808312702095,-0.06833588273957215,-0.05605322811457396,0.12866397702905563,0.017027190525743287,0.04508362515143499,-0.05236203858285941,0.07763363115934088,0.189585630495567,0.13544557400416393,0.03625312151806353,-0.10956624607134337,-0.018358165280199575,0.15690221265249693,-0.18867834669066036,0.15505384805371053,-0.13848034640857662,-0.002770977997539394,0.011712439161862834,-0.041857663884557084,-0.1266899771119731,-0.10884068182814645,0.06460444752757319,-0.10155718503846844,0.007092443986312561,0.038806740193877975,0.01699313774270333,0.0787976449975331,-0.026467270743075363,-0.03705045585735531,-0.004107333494060297,-0.05526461075889266,0.048667096331749884,0.09510973173047603,0.1444083950618568,-0.026007557019910168,0.1917969518470701,-0.03292849386417122,0.025113388035275318,-0.17710558031582851,-0.03985186310749315,0.048031814087616566,-0.052663636805574246,-0.10128710192064583,-0.04195945032097339,-0.053547412871396756,-0.0555908984379255,0.11752410710715988,-0.05940048858547568,-0.009528328455549673,0.039688547320693816,2.99047348030753
0.04315521924504592,0.031106616487572437,-0.08720973052470958,-0.13459036621057713,-0.027057514444839628,-0.05489114962110567,-0.005659924080429901,0.07713020876693244,-0.16059608951936558,0.009729310775951404,0.07328310391491406,0.04342016649142896,0.03926238111240268,0.03669865742617352,0.003390305912900674,-0.07109454191751884,-0.011725157224675778,-0.020274652283731615,0.013248279338840471,-0.07832850806880358,-0.056380279071715104,0.03258728332466233,0.06981699919386182,0.0321637540144111,-0.03756559199039537,0.134882356968245,0.1713863695601582,0.052563819745152354,0.011058225336797345,0.004766639898278904,0.06507829986827578,-0.027310821287809508,-0.003571096079130892,-0.055373654314478,-0.016120828927088375,-0.038361050544664314,0.11141067169600383,0.05279061859456051,0.010005628902554561,-0.12416873818812087,-0.04268532419984989,0.010399118739386141,-0.18015595700679418,0.12798053092156633,0.016838590304171314,-0.00540650479270223,-0.028119558115688115,0.06017441968763142,0.12854601549955405,-0.016530067774818698,0.1602611969129894,-0.18986332227557234,0.019828017088462997,0.18316881361182563,-0.12863314265333964,0.14468749988009177,-0.16851491395839835,-0.01814517170868732,-0.00598500083934992,-0.0622720734020074,-0.0636068897192763,-0.04764045524483508,0.05401279264234268,-0.08948149357051327,0.02628853528191112,0.03770073686771035,-0.031030144160613896,0.060396083285100016,-0.08065113992416596,-0.07933448019471877,0.004949642827768934,0.012559030559382183,0.031916689994700445,0.03026806901294588,0.10497132853897492,-0.027454145531047875,0.18279053585823427,-0.05304163735855468,-0.11517232067807057,-0.17440778409620944,0.07033635678580882,0.02841098527459937,-0.08368973514696676,-0.011792416792709808,0.0427950271957331,-0.10871385939215249,0.01284972334744118,0.041070785849836755,0.1276300467635984,-0.11120939590144269,0.06096041982242894,2.99415209022166
0.06112213611737495,-0.03740549239343595,-0.15592625722722003,-0.09712722926734643,-0.04535526744948276,-0.03596429349436013,-0.06765499537987182,0.08797694677227333,-0.07639601932584884,0.011166802352515002,0.1061468488592097,0.05575512185974085,-0.005811690224053482,-0.0049424606870589645,0.04893943218890652,-0.1451799604837079,0.07671079618061223,0.003990598130821765,0.06664174340706604,-0.0211561700166866,-0.046783951675271135,0.08568543926540464,0.05908817250426734,0.02726452876640645,0.008664861446461095,0.04421821821496831,0.15593850726682373,-0.012828322751376024,0.1202006508125414,0.07865320641197651,0.030342440819984676,0.04894292800410781,-0.16893607283433906,-0.009184476075474061,0.095401068597326,-0.063954077314172,0.16221038561092496,0.06635413515980493,-0.0375855162772747,-0.026147072442001575,-0.03175418133974211,-0.010745622655835724,-0.004626732479121359,0.08691030557239862,0.05949486411187265,0.009296448725686794,-0.00032539836526153387,0.13823134606367016,-0.00729678442261898,0.07008461030161053,0.20664109693411004,-0.09400620943513649,0.044089162534424374,0.046059004343658866,-0.05000585909123577,0.02930349003914688,0.022953213550710228,0.0037800254348101803,0.005964110242087876,-0.1294608222193401,0.004233057530785428,-0.030700250990370204,-0.11653433205230006,-0.06472506757123106,0.005789810675004267,0.018484529456644687,-0.09888049905302139,-0.004845915424518732,-0.006168669567389366,-0.1105807746660111,0.07972579318640217,0.03879908888120895,-0.04664507753573198,-0.10133430824389515,0.09900666114175757,0.05686447218113301,-0.004222294194115424,-0.09955114838793379,-0.14017791076229494,-0.3007130352699957,0.13063189504291312,-0.017725301652111974,-0.014724180044017779,0.13176186104079263,0.08865162390235849,-0.11718586375618972,-0.03476968251156159,-0.05390106894591172,0.1459133265132541,0.009859088414046539,-0.002643474646870099,3.08092020077745
-0.0962145389702169,0.11303091405922619,-0.0754138933144826,0.10805886511619699,-0.054260631768116914,-0.060934055680263666,-0.14018528739827232,0.10493431757264417,-0.0012682154505750526,0.09475085117886939,0.0034406251452137448,0.00021863238469567448,-0.05454709373284683,-0.08484370736203446,0.0025898199407496355,-0.1462738313890292,0.1301849715151944,0.007478823980406347,0.048399021165441966,-0.020603857333522532,0.05487979804661708,0.04618453377684974,0.023495940362550365,-0.051744890104256876,0.05394002341550473,-0.0030418058820056914,0.10254607714983256,-0.09083958575493778,0.23313252991004818,0.10655997437625586,-0.041964617175755614,0.09788369049086765,-0.2052139971041448,-0.009354235793862423,0.23743321538481688,0.07097894811146926,0.04461305801447771,0.06095499020537445,0.051773858025292,0.1195405488685003,-0.006616528628954954,0.11949907527245457,0.04138085721735464,0.062430929198820886,0.058867675293743996,-0.043951455115387124,-0.059360355852990036,0.03820513867549599,0.011068399597471325,0.08411790278521233,-0.058986321993858185,-0.03453392983409836,0.0791687406081622,0.05954068144050881,-0.008031890764078009,-0.05712772992936174,0.04683897593084553,-0.027762010252409576,-0.14427075853908555,-0.0218550337632563,-0.0720498446095649,-0.05813924435523922,-0.003165678713916792,-0.08554296153839666,0.1334858030482065,-0.03897629038167045,-0.17515297319748246,0.008314704605434,-0.02007475997179614,-0.06851075179127537,0.06820110589654713,0.02141258406239252,-0.0977906211136547,-0.08050001808691834,0.08442303214538377,0.13949631213641864,-0.042943411177950225,0.06322979327259141,-0.06659846636135358,-0.11159597048359446,0.0706675177958268,-0.018938044701182835,0.036151281527243145,0.13848371028393877,-0.1009072682952759,-0.17706730154421152,-0.1265800550219715,-0.13572384123386588,0.20968085612908527,0.08055134725850326,0.0056927104203301285,3.08445314739589
-0.14290613156126664,0.15352250660183375,-0.004439890858274474,-0.1725443281759093,0.013629609396865361,-0.1491445500531655,-0.20679905379049868,0.09158225222489945,0.1024376422138805,0.043398250872031856,-0.07699437650209819,0.11105827565030713,-0.04594748833413674,-0.036851795057773404,-0.1606942218123029,-0.13651018434704876,0.13483339326586674,0.030848686934252446,-0.02635379324305663,0.07435065485283235,0.14200035717722337,0.02249826496223318,-0.026156462485762165,-0.09427970892767631,0.12299368933736374,-0.060485332815352316,-0.07854632952066888,-0.13629871642944508,0.2920456317790141,-0.06658931521514992,-0.04507414490614671,0.0018197047452022915,-0.18186350853681468,0.09341189680311612,0.1799046515529102,0.10137915566657814,-0.044537323713367584,0.030465575498508514,0.27060584490042333,0.05163879818461082,-0.030463265383113135,0.12388447116384865,-0.04495477088523661,-0.09536232637790079,0.060323805668817704,-0.11243824694353097,-0.17557337807477402,-0.18569024703235554,-0.07808557714210315,0.06069319636689208,-0.28914348765479186,0.10239827663291418,0.004834678743513718,0.20948268635428474,-0.14619302260671982,-0.17094931540670188,-0.08982453019049849,-0.02378603371835529,-0.18502501889115355,0.005769646347763464,0.02844187313514212,-0.037274021054379006,0.005397143042834346,-0.19000537302809567,0.15371253361009296,-0.08977068128189242,-0.028145014397374407,0.015275067482462316,0.11861528649036125,0.12283249680848912,0.050246824180155275,0.11495005589625705,-0.02924532118013215,0.05557327282935365,0.10001120390645613,0.211120177537297,-0.05016361602647508,0.12364142462314229,0.019169270722209756,-0.20656508963891518,-0.11227689541943739,0.014455215505933122,-0.2558650076730768,0.1265450422382196,-0.1575007953736655,-0.1931984601650182,-0.2583724122005992,-0.017459008100162356,0.08315947189245984,0.15925637106790816,0.19243331360499275,3.09030469127879
