0,1,2,3,4,5,6,7,8,9,10,11,12,13,14,15,16,17,18,19,20,21,22,23,24,25,26,27,28,29,30,31,32,33,34,35,36,37,38,39,40,41,42,43,44,45,46,47,48,49,50,51,52,53,54,55,56,57,58,59,60,61,62,63,64,65,66,67,68,69,70,71,72,73,74,75,76,77,78,79,80,81,82,83,84,85,86,87,88,89,TOD
-3.56456221596508e-05,-0.00981885568101023,-0.019361530254990066,-0.009620074027104164,-0.010171604279244625,0.006480975047886245,0.0048480205363627136,3.6366402861367845e-05,-0.0012300268075432753,0.014997352379277748,0.004977141351878077,-0.004198116261853493,-0.009470867306179952,-0.01565893178249866,0.017523266803924405,-0.015018723156272916,-0.008549913782466566,0.017226662096624823,0.01669922796630803,-0.0012659881454402725,0.004846036043482262,0.010951549889961222,-0.00018321447717314804,-0.014931873327951057,-0.0032238845761842763,-0.012005115038187616,-0.00984519131842826,0.010824069531521,-0.0026055956909334637,0.002429040228257233,0.007859044739115658,-0.01129048415642876,0.003424323760869519,-0.0001653494881366515,0.006034834758151908,0.009346936931216429,0.006389256024525531,-0.006767564202252546,0.011710669499991987,0.018155069386612488,0.005327872475620681,0.004388117602468749,-0.003107385673992475,-0.010337044206441348,-0.012116316890326169,-0.013520832027571782,0.00047417618485009935,0.0066374013330807785,-0.0013068904739896273,-0.013153587830197142,0.015699262037324573,0.009155789751695353,-5.1937306385569836e-05,0.0023073735933712885,-0.0013491255544772027,-0.008767029264888301,-0.010867257805144106,-0.008224313834064651,-0.008930223314433538,-0.007182683752620437,-0.010727700833652215,0.005910678276540036,0.024041358118525376,0.010175895895352925,0.001081938330849003,-0.014540304610800607,0.0020442923777854293,-0.010638996351777934,-0.00021283414408006666,0.009425301708565146,-0.015234808783452554,-0.00839340768105724,0.010558649021150165,0.00047274162195057095,0.012175950871101654,0.00604758154688824,-0.008506119374697058,0.9614809965388806,-0.005069943893223385,-0.013470764029623414,-0.003977841012735006,-0.0020663127556312397,-0.00394637285502578,-0.02001955220732325,-0.013720832734009565,0.0027462898301787025,0.006149814326218916,-0.015156750382138352,-0.023343696601595847,-0.01682063639191044,0.0152489763573463
0.00529732061291692,0.007130762277442232,0.03360192075253239,-0.006130405283517349,0.0047556956633545925,-0.06044800163182225,0.004202531868998538,0.015994022612142507,0.06314858170133489,-0.07331298958653397,-0.010005143642837172,0.05074746784761921,-0.006301914199304689,0.021177067462542748,-0.0079283188632909,0.03756660736314023,0.024995966058855106,-0.008528355647180585,-0.003303000470802263,-0.026019262134214967,0.02015283340377096,-0.00413206294407145,-0.025984310145915686,0.08961566058212812,0.0034615948467980272,0.04991272949266487,-0.003794148757590625,-0.08747275927633362,-0.010197759947913165,0.06029433112262905,0.0012812262298063837,0.07756652962452806,-0.04015417989639692,-0.0063933540064174165,0.7283102768155496,-0.025164386932094,-0.014444209022984947,-0.008989248032536151,-0.009014815596791634,-0.04713427264847575,0.03201979679291984,-0.044368479849289,-0.013516361272599012,0.09008911884749214,0.21343942554512058,0.030941060968052745,0.011696341622437547,0.014668780769038284,-0.007497346202267715,0.03136567710842984,-0.016197984257933895,0.007426718838973978,-0.003199090655383966,-0.00918108066213128,0.021440996225305632,-0.030724627281904084,0.06309883200051385,-0.02052279892431044,-0.027850173672112608,0.04668253462353959,0.06707951387911452,-0.02830147646379155,-0.16122873871315785,0.0025852624929655894,0.0360522398553946,-0.00014652060016604685,-0.022541948675073024,0.00024663003748450277,-0.015120977037300068,-0.1097626731437916,-0.025566718266304158,0.03498503173128465,-0.04369909802425453,-0.054357623151282876,0.01598344258207923,-0.07131903059611307,-0.007800386961192011,0.11189983671017568,0.05475698015548837,-0.005892374871337182,0.09857314136071857,0.03817172900789621,0.03788380973365044,0.021810658999990597,0.05688269129075018,0.03061719826056768,-0.008535792862164545,0.062185972566924465,0.08716401623897407,0.05871277634831709,0.0171508319673862
-0.03631336082208585,-0.021341145967435117,-0.05250462155748836,-0.021155067042503712,-0.03141275983908197,0.0862019848514885,0.017058670856201177,0.003230128165848436,-0.07024875324705539,0.09497101190802669,0.04347970482236619,-0.07763183055426483,-0.026606799634831285,-0.04152278881229829,0.005051331559062414,-0.07667074729978361,-0.05347631651643185,0.002206121725628899,0.03018930788030754,0.009789593516841104,-0.00216745349612366,0.03661646267403501,0.04384373556246714,-0.04803788505569745,-0.054028820517363,-0.05609869932568932,-0.01309809225982074,0.08982324273298935,0.00862930253741798,-0.15786092796734874,0.009930481834351707,-0.046687753028914175,0.02664923372597071,0.038509695919606166,0.6180012815087613,0.03981452779899672,0.023301314642324832,0.021194656214277123,0.025464063360438292,0.07203609652296376,-0.0335097387500621,0.03755046731751209,0.019361467757646925,-0.16099304631174693,-0.22909348064381196,-0.02951658507678133,-0.03781687396536521,0.0009891172701528802,-0.00506885204096248,-0.03564501709666899,0.023780798510639384,0.0033931894181577827,-0.024218571892631883,0.031940453460635336,0.00033121185692249605,0.05003974678803918,-0.04577985960550071,0.003643043621482442,0.018163339712472807,-0.059543636442107487,-0.09488695307452243,0.055496525976049725,0.12377060433319917,-0.0008461192264843676,-0.026202277427292312,0.0013780126000962208,0.0038760235463461655,-0.00359438184166617,0.0164603527820188,0.17913345354518243,0.0035477166119217353,-0.05286982857003518,0.09595237035344348,0.07209394400373677,-0.0050132479270444535,0.07397612340937448,-0.0019976529920100166,-0.11409988040173401,-0.048988479983077565,-0.005820199778015764,-0.08748162934813386,-0.035676682748424914,-0.013118815283772494,-0.024153624188149963,-0.05182754912600203,-0.0018226990006774083,0.0441711498823683,-0.09387045121487377,-0.1191069082592597,-0.15825259489511573,0.0215125728042562
0.001567340763322277,0.03233339454852683,0.023139510931566302,0.05435538494090713,0.004387436841033108,0.00407852815448767,-0.01731357243261476,0.0011345792424264736,0.013568239096697176,0.0030133129099394395,-0.023887245485424268,0.06257847246481445,0.04988115383481892,-0.009686097281277332,0.041334358754116826,0.03030932148557602,0.009592085558751838,0.01186306256355903,-0.029416538288919866,0.004697115268185516,0.009542838700258661,-0.0517181767476313,-0.05105492991248316,-0.00575383173788671,0.056820223049651584,0.04800127785719063,0.010392536933835373,0.006503036189227152,-0.006020850998642178,-0.8340616890477544,0.02153814863905133,-0.06005001938179237,-0.010428352031654944,-0.04148557267247989,0.03922714380467745,-0.01931872736958523,-0.00042395829332572314,-0.007179957367839179,0.009058004755005518,9.734642267739784e-05,0.0231104157259685,-0.012380461243075383,-0.00878870362995557,0.02528600549939679,0.006582841371642917,-0.07876700471310233,0.010885124205821415,-0.0008671496744295624,0.016803377652203938,-0.015488602067326518,-0.0006587605356891881,0.0018167393260375467,0.022686177109890633,-0.003710845115289433,-0.006789940740563878,-0.05144321984383062,-0.009382908348756908,0.009092341950703117,-0.01677660839088539,0.08771918412411943,-0.02751482552927628,-0.006320952895741534,0.0417196594560683,0.01884628893374108,0.025125086722023415,-0.04831911833064787,-0.002062968196583707,-0.001727896807820975,0.05242331502621797,-0.10546377757450999,0.04559766581022926,0.01798031332318248,-0.02885828781605065,-0.06203823232093329,0.006101231396325495,0.004625065773608891,-0.0005391374133860885,-0.019849620584183623,0.004663451615889496,-0.018213775479456427,0.00268738522476837,0.04500751551487279,-0.03443125896224408,0.006201806135917303,0.0424102638645978,-0.0025395422076408777,-0.02591936989010428,0.023254033369604056,0.02409732679086157,0.09271326278492727,0.0233562126500812
-0.005114660698593254,-0.06491019413173095,-0.03558063109590828,-0.15212428975831133,-0.03262546930246506,-0.00887209990211066,0.03860038229465273,0.007792733707627,-0.006600593610477725,0.021293902318297624,0.050767733392458256,-0.0722341770496216,-0.13365496197356827,-0.0014446314753326776,-0.07278303168187805,-0.06880034289667275,-0.022132430112959237,0.008769670422482306,0.08668439053093761,-0.024594257894837362,-0.005033868068326955,0.09133473381192932,0.06417835912432013,0.046842605085066526,-0.14662893314663805,-0.04459570605729578,-0.05618052674485189,-0.05981119306700761,-0.026198158681326637,-0.4209435084238417,-0.008760982320189736,0.26045740998774897,0.01344596287253313,0.08622160101486993,-0.17387787365647425,0.04187464798461788,0.023375195690235374,-0.008590161201279757,0.0007945432397902332,-0.01161671744755805,-0.0020418572517397625,-0.011463170461123896,-0.015159320122385767,-0.02228332014887443,0.03742223765732153,0.26923310757525654,-0.028870807303826167,0.010300607847581852,-0.016033357344859396,0.014469432976078155,-0.006763329845531845,0.0008757261864961951,-0.025872276800767324,0.01880725833493038,0.047589006601170346,0.027703295225112997,0.0846733089639412,-0.09207055028498662,-0.015389106237585042,-0.28046931203645525,0.045302482998103286,0.025187816223302056,-0.08475299783035205,-0.005287537126426676,-0.0023766022038947563,0.08667502524290341,-0.021689505112996953,-0.030159080477923386,-0.06608732960915721,0.15730523648534264,-0.2163993687715212,-0.09159104580094911,0.05556040876620073,0.07798051335368983,0.015027203588638682,-0.07764336162177742,-0.0029546394125707907,0.037687345699030116,0.026943290251579637,-0.019746590723264436,0.04664458161628668,-0.029341834097757747,0.11747120049484701,-0.06374018335428373,-0.028813477588339763,0.04629091033755181,0.04443323969851089,-0.06778954736707968,-0.02984446669571127,-0.11033670078144953,0.0455616641763256
-0.0026843221506264395,-0.0014653510480860381,-0.007273290736190072,0.025142339468853175,-0.005695360094311522,-0.0026244495964571745,-0.0014356527628104426,-0.003961068551154919,0.028316640610208277,-0.0013237149046346217,0.004136696197433228,0.036880553600502186,0.01777963824317957,-0.013587351823865971,0.038756418038311105,0.019022930453640365,-0.0067925177508313984,0.005890276887223568,4.89980475735953e-05,-0.005472959536324673,0.002614433251539055,0.004848464941786167,-0.02397055852069461,-0.012742493618853025,0.016892113783434973,0.024959577926375025,0.007072685449731743,0.008273302873278297,0.013916250427837848,0.04489608335445471,-0.001403046335181104,-0.026006294338179792,-0.01513905736763868,-0.035491139453146324,0.010602664556714237,-0.015851915007417772,-0.0037950019131484814,0.00629906923051763,0.014308017164168484,0.028688873374069928,0.01720306376236953,-0.008118924532945992,-0.017300615274726705,0.014079210150400577,0.008854150386724519,0.8932787352595388,-0.0021963896955665705,0.022371961160726317,-0.0014591346568688724,-0.021372119594577767,0.037715375926877584,0.013307259977243227,-0.013130204747738653,-0.010537086406253985,-0.010595115903337761,-0.014077590659586555,-0.022411842850298545,0.02529588306979868,-0.028572287873699313,0.03678338604702796,-0.014590177279563745,-0.03489000944937561,0.011600200849489128,0.017505113644475264,0.02176681751296179,-0.045483454896742506,0.013399279656333677,-0.008346665963677686,-0.003310151614831458,-0.07965895347842565,0.004559399951034085,0.02806557433444757,-0.035489048862245715,-0.0456568485417113,0.011276767757726338,0.015582293920721383,-0.02652546076400537,-0.026456085844762077,0.0063638497043237395,-0.0071253196211086105,0.01928104105847568,0.016066574664703178,-0.03621353305782205,0.033324297046910374,-0.0021928939273347004,0.0043022829000468185,0.005591345628007586,0.02274858701209122,-0.00693538444663989,0.0028551024414836465,0.0668858753704981
-0.021144013524961227,-0.007363150095268958,-0.010167500731883774,0.019523235966909937,-0.003727376601302578,0.012496497395511588,0.012174280386569349,0.014270986810359574,-0.0202017051208788,0.017303883441717995,0.007730536617589327,-0.004931599884010639,-0.006111416810635881,-0.028785838751284026,0.007357941157130399,-0.011029949837823218,-0.004848058480790856,0.0008747845812807737,0.0007932820201592142,0.01050800799506039,0.02466122899046044,0.003819562546997499,-0.006681808913421726,0.024561226076779477,-0.011622966732340709,-0.0024520423000249816,0.007168884887171824,0.025356148905218402,-0.0033805840217348377,0.00957094938777401,0.004059107960727204,-0.008645188687442143,-0.005556553155947378,-0.005365379524005257,-0.007596865497355167,0.0024503441697245457,0.0021092783035082724,-0.0015773668192682834,0.00035686137893325607,0.0088657173460542,-0.001368557498603333,-0.012042866522514796,0.019036196432833517,-0.0267829903807771,-0.0061012271551432705,0.02733410930124975,-0.01010241832937047,0.00682345041822188,0.009502425637149018,0.0023469913776310736,-0.015887776282522494,0.01634473753661543,-0.0012190543179572484,0.027694091905233587,0.020177193896047198,0.003127727950343096,0.002115077033256637,-0.0024876594435799034,0.01939479887919613,0.015947491267924663,-0.014563051686003445,-0.9331620000831552,0.01329712394557356,-0.002588006164146829,0.010739343743884291,-0.0031560384078173887,-0.03156166234207219,0.011018573503090327,0.03130521692990629,0.033276654334310235,0.005933159070972667,-0.013208651500746285,0.05335551542361513,-0.0021501837191426876,0.009409841641153441,-0.012316629307841179,0.02412030320404853,-0.003603802569947235,0.014758280138344829,0.0020821613894884583,-0.01686255135179682,0.0013194909216111674,0.008282528771100984,-0.01968496906538283,0.01766543348487928,0.0058578340058177995,-0.0006219644474453965,-0.019715128633312994,0.00401024536398086,0.0036090222412973097,0.0901023109950052
0.01195128006628432,-0.0004883224007396395,-0.011665192615640542,0.9437668599521367,-0.01658335170320017,-0.00597924644139097,0.010968980955544145,0.004921727125036577,0.00414415653982118,-0.01150454000031007,0.011585952630387548,-0.0016778132732729507,-0.02656612000919584,0.0011482436237824586,-0.013890472140505476,-0.023773873771137342,-0.01836319514216126,0.017474688365354134,0.02126900910522735,-0.02216192370115623,-0.006976046508737265,0.014473328718293476,0.012755656689605023,0.0006022769213989335,-0.011198781696821569,0.0006226542831618403,-0.02578081697219806,-0.022575952081202316,-0.019815260681262204,-0.014245588523436839,0.021703791688755362,0.028190476390967983,-0.011936402506726127,0.019981017182786543,-0.015891222351763042,0.017870703686851837,0.002133249080584946,-0.012940073761693678,0.018517435656572306,0.0015059123557478347,0.008343496940795543,0.002845271455689705,-0.020217453730568262,-0.00517567347438522,-0.0012619993046015243,0.010691114170322352,-0.001241323291737252,0.0008034665863687925,-0.010939716049491092,-0.0037901788424737717,0.0072788905766660505,-0.008625065827625435,-0.006493210118715456,-0.0013354342059696748,0.0011687837862861628,-0.012475982867713068,0.025659700504238138,-0.0292882482115462,-0.025164991997853173,-0.012617445788151124,-0.006112276059330462,-0.015680519070737996,-0.012617270726884296,0.0068053870646365465,0.00024287919742829194,0.006934614510411569,0.011417908573773271,-0.016867199389004058,-0.009635821475225476,0.024415824182370153,-0.02395741848797509,-0.013047609382699964,0.002400336733682568,0.009902756350652188,0.016375331135548038,-0.017758333186918975,-0.007792969467411705,-0.00668229473944917,0.0008991887018445866,-0.017366596351891275,0.009061816434837404,-7.770951588960143e-05,0.018152734371021207,-0.008045603109205286,-0.0009860906727267782,0.012724566592375992,0.01649392982567554,-0.013055255798494972,-0.025142640404884134,-0.02459083142883834,0.108445839560347
0.0016040761275001537,-0.0009690804164819288,0.020003985587247135,0.0357435225648046,-0.006810303267282317,0.014156803143437164,0.0021276672676287115,-0.022205016061098252,0.03976868354534582,0.007581454781649544,-0.010997970790798664,0.05036546174176745,0.02804619143075879,-0.00046491293540089476,0.04149448485267211,0.013374616664758867,0.019081925167572705,-0.0037036555167187274,0.0033914828036102026,0.001710577874709024,0.0026794284425477803,-0.014223917173379888,-0.03690153967592976,-0.006213293928573323,0.0028954811657541653,0.018223731032871393,0.003942911580730911,-0.017786632467285002,-0.0025253976563649827,0.04606474609251915,-0.013342723766006972,0.004746412494505646,-0.0011079294042059778,-0.03152618058697246,-0.013981935056092057,-0.003858554672433175,0.01858463191449388,0.01209098638372148,-0.003383445655999208,-0.0029154553038834435,0.005681804182546434,-0.001259234484290283,-0.021864856732533494,0.03140007998912019,0.06533066210143143,-0.05881930503806847,-0.007747550521113828,0.00078706032260016,0.0022566931806244895,-0.014980250195002109,0.019887252502874125,0.009749533345127829,0.00017467996624422242,-0.031102751815610234,0.009992522122808116,-0.01927763326299598,-0.012117350896803419,-0.005810995494629735,-0.02680092636663861,0.016376660233496564,0.03774420133129753,-0.04999774094709127,0.003632795499978902,0.0018366548558156068,0.008866119434928054,-0.0034227555014323804,-0.006720492019828712,-0.0014205378767658974,0.003625475906505315,0.8566953010024618,-0.0030529889527960066,0.00908462066395033,-0.09838542610762696,-0.0368446180663664,-0.0028875339213243964,0.01974575445876577,-0.05175161708495994,0.007281283439478283,0.0009718924453825214,-0.010675745524740595,0.04085209208585828,0.02967158190988884,0.003808931016276072,0.005715224692767567,0.004363924250068075,0.011273851496945998,-0.009204564453195608,0.03807567258765403,0.02382929138471932,0.031394213384719954,0.112012722518823
-0.03599837556132851,0.012529108558939411,-0.0010233684814077767,0.0035742597701493386,-0.005511720202236083,-0.008958266006477639,0.015716361776876433,0.029013981402776643,-0.026148789123610645,0.012011022306366952,0.01405595683265303,-0.021542441557012182,-0.02537794380402488,-0.016617702904775284,-0.006059088158723497,-0.0009768319520522687,-0.025210372893323344,-0.0015306921080858293,-0.012329875428132273,0.00037241631818766256,0.036189164896978945,0.0013350730124155254,0.010356121178727638,0.03328294889219654,-0.013569175418315626,-0.0069300256585608086,-0.019667321412454017,0.009553280285459301,0.010835899449042518,1.674538518579155e-05,0.021007057194591908,-0.01562754004577341,-0.010048506554721144,0.012627605572315844,-0.0106534138688405,0.005455537415146058,-0.002361074074362777,0.011828141067554001,0.016767490410162178,0.010496119745245685,0.0030062265028055206,-0.019032466451966157,0.04162754195141307,-0.016673729255881935,-0.025689898930523106,0.02430938017277667,0.0015156431894658457,0.010336409973855524,-0.007636368238663037,-0.009353750415191682,-0.012739183991064478,0.004048019668371579,-0.010466221422062666,0.03163091159996288,0.008813983363443164,0.0064796450998757275,0.01926900979861726,-0.004798189592406433,0.014231225825353855,0.018489726400524122,-0.05492981170276448,0.06788529583474238,-0.006163667458275373,0.014765389233833724,0.01967457175459843,-0.03230044462341195,-0.02814281790765399,0.001914181888477646,0.014975578680833851,0.058923772421418066,-0.008215350322355623,-0.01171824009859151,-0.9021612494560544,0.0015551489019232062,0.008257073961869518,-0.018022074859899817,0.029094067795943954,-0.009120756087117161,0.014895113187680258,-0.005971646927009493,-0.01686584739223485,0.008465565227418422,-4.5483422218886425e-05,-0.007664335923908895,0.023743672111170892,0.00949234249057964,0.008920790762725428,-0.0335231308974198,0.019945135326028478,-0.016765113114192876,0.1357168743468
0.015132128728973746,-0.030454245119081964,-0.041299843178620475,-0.02577325455780936,-0.015749929268689407,0.011758728976395695,0.001043637604556705,-0.008714964621456595,0.007934905823295405,0.019993910050340333,0.020823824771819075,0.010445824013855498,-0.006751319584930821,-0.010513052136089364,-0.001987046585371785,-0.02046211969614682,-0.0033577237922317606,0.022412167599407593,0.028768090712773288,-0.006303939680594752,-0.024526935553173226,0.02550389268031138,-0.001499879048010582,-0.018485549171027113,-0.007137234669329382,0.006244444704022878,0.017483815369178913,0.0032514385763266146,-0.024610565069208647,-0.009453619471230051,-0.0021951100621463134,0.011680302287332444,0.011770943608123221,-0.007786248453897732,0.0064728455115044,0.006116359879882244,0.001371273203873074,-0.024740945758955184,0.010314050279320409,0.03035636331909912,0.010710819168765278,0.0027120594899406473,-0.03691203827065782,-0.02430970911329728,-0.02529791422459087,-0.015415231001248413,-0.02888555324178793,0.01832343165150915,-0.004507085030176794,0.004670732406624129,0.024428407955798072,0.008944143728148434,-0.00861414849321148,0.0035231771660138955,0.0022134438725635247,-0.01096161756412686,-0.0055288978632812204,0.004200302775516646,-0.007761755694696185,-0.009485093959331614,0.0014086641922880694,-0.002501668270429692,0.01818882262252962,0.00976076636970464,0.0001716603544316466,0.012794013673899015,0.006935986176531507,-0.005476435032909254,-0.0051676909134538195,0.008332853267422186,-0.0013931674117328755,0.0014611489109196652,-0.013740318068258262,0.0028186295638193814,0.00965753981239633,-0.0064797849587651364,-0.007041540393904863,-0.02612486231521464,-0.0017778965362058722,-0.006899944716689447,-0.009875054271274596,-0.017017060675682885,0.00018386670353821733,-0.01599971835747699,-0.013516991427280653,0.0021693900816780556,0.01644571533724441,-0.011135941382714268,0.9289478228760174,-0.013339676460029915,0.136877038960935
0.010297993261677362,-0.0013649295603313848,0.009855203641420422,0.0074362733214671855,-0.0028536035111459616,-0.007891443089363119,0.01582416199355082,-0.011695516112195164,0.05217612225442723,-0.02512043766365363,-0.007055578151782247,0.04361416440947751,0.008008347725811157,-0.011986380949606244,0.029152193699538573,-0.004384360809218092,0.0030030906998260135,0.011828559312933215,0.005880908428497831,-0.007068162999406046,0.026757295790535034,0.004299140701859169,-0.036999717264263744,0.02235197211200744,-0.005979306249832829,0.020894990126014396,-0.009484588418129866,-0.013619910598886037,0.0007400869573781677,0.035541490440869336,-0.004160567224211215,0.03582583067774031,-0.03133226004142248,-0.023780726833553464,-0.013046471935553357,0.0015598117716518704,-0.006139522136549646,0.0014941658888274615,-0.015788469955049456,-0.017486030884245038,0.007809796643491168,-0.012769874517677995,-0.007498704750212426,0.0415180717969606,-0.8813320637974542,-0.008428925407178831,0.021009077627122313,0.00644311488241875,-0.010231054887000188,-0.01142723167619777,-0.0023217943912720767,0.01775781729526698,-0.004874505822117841,-0.013012471928725957,0.026900375481991295,-0.0034331660772914875,0.00598899107409579,-0.02029339936068226,-0.028884952083410877,0.015465443591240368,0.0805101648089069,-0.022582802942523246,-0.02498806958118675,-0.012569040419701487,0.007683680156119868,0.010404151060243352,-0.0049961475396349,-0.008728649230499761,-0.0024887384763392405,-0.08570603675970456,-0.012701739204379031,-0.0021957298287217887,-0.04808895396432933,-0.03937817224250248,0.019896152897121974,-0.017010498517065827,-0.02357713551041104,0.02793066179341826,0.02448901879279597,-0.012663583067824958,0.0567970589118317,0.025183975002768463,0.022499253416870518,-0.0017471354218355547,-0.005758390340695115,0.013924553343973559,-0.024841411278692355,0.043368316376359774,0.048486425962962876,0.02334875191615341,0.173489764909878
-0.04908091073867995,0.028955541127930688,0.03400214783435837,-0.01125156045822623,-0.014079867295450323,0.001285087767296466,0.0039734966368343205,0.028361111198189657,-0.019028589251373792,0.012894538968957576,0.015827624225767525,-0.015395709864478257,-0.031461127808752,2.021154784508087e-05,-0.010118454160312571,0.01727447145500009,-0.012006001828118005,-0.01950508464672069,-0.020382956559452374,-0.011349975890493974,0.008834878931184623,-0.022796130858391994,0.029471703507009738,0.024208655062652292,-0.007351075276606537,0.001726361169248241,-0.024378418410964546,-0.016552692828095534,-0.006721639136197565,0.013885016730908042,0.03775298340297478,-0.017912924197112802,-0.004832309761574949,0.0178178755184099,-0.008413385182609555,-0.009924550257296222,0.01761117334805233,0.011336478399488733,0.03459200223877024,0.0029144974288105646,0.005621958325601647,-0.01815796837963894,0.025407174207754662,-0.004872992223684521,-0.051648137608194936,-0.01234645140590086,-0.017204137791654694,-0.0030797304066528444,0.00019600472825656283,-0.008696789041872028,0.0068633186310932915,-0.012589976923698416,-0.012104387862730897,0.017129210246114707,-0.011821998970698112,-0.018124488868356166,0.02617739433890548,-0.013719734236994078,-0.0009674925150343983,0.011531795000402821,0.8947870958010998,0.02024775977090416,-0.010016663001435515,0.030935571060435492,0.02031920794827345,-0.04190674080463169,-0.011463773620704562,-0.010400358345473985,0.004783707094212254,0.0255631264654279,-0.015809509841464238,0.00300465915329469,0.05744530062496883,0.009328449811449457,0.000705646779171322,0.0023182708661854735,0.005114762036925017,-0.009209510083762562,-0.005568826433238334,-0.008660396396820572,-0.005892407916253699,0.02198940826044422,0.003880370755482643,0.02131332691065653,0.047564296239890835,0.018621239722310137,0.03322431448424877,-0.029622384011817698,0.005719967115979817,-0.016450948951596732,0.186087516297864
0.026272668504870197,-0.036229724397381584,0.936719851512788,-0.007987510653005273,-0.008651059910593974,-0.00797808111138936,0.004744667708016581,-0.0017113628996483319,0.0019621173466020402,0.003671610058806766,0.005111965992104994,0.0027677711490331,-0.0018638046377014348,-0.02194962134292657,0.0030954422597533155,-0.015120637449507526,-0.012834300459907208,0.029656217796055748,0.026359946284867177,0.0019534192803354815,-0.0008420761247126184,0.0394289749765937,-0.015754553919162795,-0.01597535547328452,-0.006063521336575555,-0.0006262041897726923,0.007949318285478294,0.013910089212063003,0.0035206170554521335,-0.0024960108377191925,-0.0081384264621634,0.0068125801880052255,0.003703617866409824,-0.0027668739566365837,-0.002051831529530356,0.016932462345332105,-0.006968767624259697,-0.010978963084227994,-0.004681000725492448,0.04002209632185252,0.017303262843816492,-0.005936232497003833,-0.03291021216746774,-0.02244310289882197,0.002195534320150634,-0.007888421206456804,-0.011508701894069717,0.024232970515943718,-0.00628230715179744,0.0008133896589837973,0.014470556220727206,0.014714025725462754,-0.005633113735167785,0.013422549350273394,0.013347093600697461,-0.012079796089137557,0.0020123200856404042,0.005455085783476949,-0.005162060710743862,-0.0032635011290163742,0.03014539588842476,0.012211007251762015,0.007899064904136083,-0.0029256080499426413,0.010093399832444278,-0.0016097757262986197,-0.002680356155102753,-0.005820235699686769,0.007329755429106978,0.007494489790507497,-0.008684379044011602,-0.0070246964840778876,0.0036349612690901507,-0.01732033273205857,0.011457277631774537,-0.02563450025347738,0.006523148449200826,-0.020272400952678352,0.025551866273405246,-0.003927088444945759,-0.004333485928084145,-0.018660507249911338,-0.01870874525582304,-0.01772781218986494,-0.017866118712033228,0.006054140978668921,0.004743322051977793,-0.01067883112180494,-0.03520274727034731,-0.005877604683201615,0.208358096598653
-0.01699118875627649,-0.0047587960811309995,0.015234108105440965,-0.015551046902551978,-0.006777908392926151,0.015578584292430676,0.01944744426447968,0.001797225122470699,0.0024291578838768115,0.009501394526535983,0.006727611711539184,0.00798266907684979,-0.0068279665176490395,-0.00695561015768862,0.005907004161856862,-0.021779475947597354,-0.002719777440016576,-0.001812806979052459,0.01158955267165243,-0.007147646093105959,0.004620497742110538,0.003589348410937872,-0.004085403014657338,0.017023561581062385,-0.018076925640792964,-0.004797152920625025,-0.005971498973788736,-0.006815392202380506,-0.022743317718096765,-0.0027410803687217405,0.010551066500496262,0.017613232024581586,-0.01191593576949585,0.009129293437801498,-0.014532702680239302,0.008153003612398688,0.011627523186939485,-0.01240811401007335,0.003637946140082622,-0.016925096081585628,-0.009077010868115897,-0.0016994850869408824,0.007612455802387548,-0.01061437685179456,0.016468853221222497,0.017588593919623384,-0.004154321094824721,-0.001879179235429834,0.006013881922636642,0.002376208267666549,0.0014468032263901792,0.00027194872539033655,-0.0059192248976946416,-0.0022794902522796025,0.017329076451735315,-0.003578962306057273,0.007573080698481901,-0.02254611099118509,-0.0042866019703136195,0.004353261375795961,0.002448452237616988,0.009711440351258583,0.0024229256740338307,-0.0033122459263159178,-0.00121047493270966,0.01102331977447661,-0.010971574030651061,-0.0032710484659100115,0.000743491524693017,-0.0012210420635372673,-0.012406610244676838,-0.0026294936078197564,0.0015046640693444793,0.012268765749103544,0.016998205798204068,0.007726125272721335,-0.021061897475758054,0.0024558887114101437,-0.015242113287344677,-0.006647130434178024,0.009228163144499589,0.005821890721918314,-0.9546305604372669,-0.015849766936538195,0.002803379805018458,0.015449450080055945,-0.0018713730203798206,-0.008960359333018923,-0.0038776152008341653,-0.01756696071832177,0.232324745975762
-0.015530140219113853,0.010270127216920645,0.01779006865159789,-0.003127711482982951,-0.011195781393433761,0.013118597068811046,0.006335103010170095,0.0060337690660278625,0.0038873410568021224,-0.0008580462090054916,0.00413375664530589,0.004957282862185659,-0.0028121912547655965,-0.0022314569813006,0.008311680132508782,-0.0005834676298758077,-0.0029337519545297626,-0.0017159730301125882,0.006410508619825399,-0.009440428535039591,0.01811360696280578,-0.011539756506357354,-0.00765160569618216,0.019985673821680133,-0.012805738377087091,0.007756331060610686,-0.018676149081084375,-0.009853224671270944,-0.008444438408557174,0.020707787374744255,0.012289603485500056,-0.0016816469764677387,-0.015818280656820893,0.0033312653810091248,-0.008927412106775858,-0.005431949752564673,0.012069507674864564,0.0012123556895953485,0.015344554847283896,-0.017497159222385983,0.0034863880693198385,-0.006034366570009822,0.009462278937334288,0.0017677935439661045,0.012647662143692971,-0.008444840240088503,0.007664879092202656,-0.001353741877535994,-0.0053908683515836225,-0.0013890002846876912,-0.012327274311429812,-0.0014491279173133081,-0.0037948904063351994,0.010919050650220384,5.83115250324753e-05,-0.005869031191924099,0.010743610261629684,-0.011379093084880422,-0.014325507588168642,0.008245004513336346,-0.018404438368439923,-0.002172893612705093,-0.0010056599808570068,0.012867236304499098,0.013328685569353424,-0.008041883720260235,-0.010792133601322296,-0.004221901484636322,0.011021000800454046,-0.015296515683198878,-0.005544171662909759,-0.014636548104714956,0.005254274264381493,-0.0033594126093076833,0.005367468648729688,0.006262137805429984,-0.0027789675345967157,-0.0008170771354085929,-0.004038731068508598,-0.020216518811890263,0.010552430956399012,-0.9628386260252247,0.003603770112481167,-0.010636687382677756,0.021292807571533495,0.012576788330934835,-0.0016339905296645192,0.0024025229332341447,0.01391047556198678,-0.006522891727005965,0.288256771986777
0.052284557973244855,0.05333934236569997,-0.05048709978728652,-0.012523338238984801,-0.01742701614568624,-0.06699630710574919,-0.031326440966751704,0.03350984680128749,-0.01120896417185844,0.017821869652196363,-0.011642556423611835,0.008249537638131008,-0.026561766501999318,0.0013202092796583457,0.0008421145788960471,-0.010269001992154922,-0.06229915608272002,0.03244107836664424,0.011191028170654782,-0.02512958197423362,-0.01532084703012361,-0.01223634046591699,0.041890954013703276,-0.046736281276052394,0.0028386961752579695,0.0054507704215834615,-0.05695523451105784,-0.027138815628066006,0.0417023839983137,0.003475701157422224,0.024536854644469842,0.023843583939018385,0.046912477231105046,0.02461823113234763,0.009903897077099398,0.027381694191218532,-0.055139446392250824,0.04474053160100538,0.025172827945599968,-0.8333635649544762,0.051724942967575877,0.00855223732721217,-0.046866751939627596,0.039272243301928,-0.028569013063885623,-0.051234640799077136,-0.05711518101967143,0.0071158171225778714,-0.001981544231088063,-0.06462434596976349,0.0538851044281686,-0.012268536386193454,-0.004628292092532989,-0.035641074246909425,-0.01850123479207072,0.005169029231935114,0.016844469771608514,0.0034105113113737442,-0.0363315475793045,-0.07545578336604498,-0.02225531241028058,-0.018134686795338775,-0.020810691465606018,0.01159808788545147,0.0072145649779717285,-0.03671759065683546,0.01288901186454495,-0.004657979411171776,-0.015214160207029091,-0.011438619619407443,-0.037777877982900665,-0.001749115206018137,-0.0017762499677077305,-0.015038858348847385,-0.01789211730910429,-0.06383833879328783,0.004811386544493689,-0.02138791985920133,0.02659626287545971,-0.0038399271974439,0.013989022660728679,-0.0428887777019492,-0.05872804786730407,0.02660105209198,-0.010329191961158618,0.008480030928671072,0.0899870427818877,-0.020535309703150186,-0.017928263982828985,0.05008073277688324,0.317286445659928
-0.10488197218040089,-0.26466724141245274,0.0056361771104237604,0.02426205194029731,-0.0068989290239917745,0.18417345647869465,0.1003075965651034,-0.05118970322868891,0.05374367675992595,0.006933232226381436,0.05223410981606466,0.008403587283595911,0.018872998352211887,-0.08975647668036454,0.023662357968778983,-0.014625533220227511,0.11371880226839186,-0.021197289676654272,0.022268397047357835,0.07577352805691037,0.03970049857520352,0.1097395202421191,-0.10682941802498298,0.09808046370541482,-0.01444474869691581,0.004086645349248052,0.18463487731703443,0.12670068736951645,-0.07732684601239019,-0.003909017057840653,-0.040645574980451085,-0.0443908999479316,-0.10068825442799735,-0.04912690745713126,-0.03703381221443968,-0.026176118111964092,0.1362912500157521,-0.12223468012422878,-0.05285926484492694,-0.44434366983283,-0.08238438733218696,-0.026423652367631865,0.037043722286183994,-0.13938699488285428,0.06068801945117119,0.05610346480580561,0.06438417890040594,0.0401095880331205,0.0005026062638382704,0.0995580248250702,-0.05516448717745366,0.08651249115428498,-0.01692250708910673,0.1131392542277944,0.09243160074869752,-0.0350285455919283,-0.03942193670980871,-0.011111024995139577,0.06068021717043644,0.24214324081540528,0.05649941154646446,0.09185120635885627,0.06304585637199338,-0.025617947509383714,0.005278567365131729,0.04270922756527196,-0.03630722868093301,-0.019582545474525915,0.0533664930322189,0.014523886036304973,0.06743613943639679,-0.003101880344836145,0.025935074699442135,-0.027036246647028663,0.05626220504861065,0.1043231516888905,-0.01766649034537326,-0.0006233762540294779,0.0016053596939005815,-0.009665196563101025,-0.027236708884018787,0.046075575352993184,0.10176759628467595,-0.06215814625019696,-0.0013059514257458935,0.015400644545241003,-0.16790536979326023,0.027740190427065787,-0.026926882988805634,-0.09907812282809911,0.347730071197644
0.016865925950031193,0.03617786986876512,0.010104678849516735,-0.033906735860766,-0.007352833791591966,-0.01124009707657485,-0.007513557392217875,0.024218003350258966,-0.010178952614496027,-0.004617604471841811,-0.01980290607074386,-0.01476039569917923,-0.02852048868644048,0.003588131445914163,0.007802158094778466,-0.026624874967883176,-0.024077978426111243,0.016260062616242684,0.005123704996770335,-0.039809621126965594,0.0025083657564088785,-0.022805757764839656,0.028569650364317745,0.009313700973859815,-0.0009444038998906091,-0.006113866899437846,0.9041862235184511,-0.011909133017081235,-0.0017384177566123079,0.014565848113193502,0.03424438977425741,0.008313402844403083,-0.010729009528590171,0.04082955796060283,-0.0026567844610367324,0.023022129334083104,-0.0017539656665443827,0.030573647255674567,0.041285613917789316,0.01363942115417548,0.028673899709105416,0.009694389773817156,-0.01694070444482278,0.0042663409442758055,0.010034113294915967,-0.008218198607451087,0.031031332511502044,-0.0050282976773066085,-0.006174616728979308,-0.0314614305544655,-0.0027393073787676954,0.00017751996879038077,0.0038295747636833215,-0.008191915208493562,-0.018725253436061254,0.008194965584180801,0.030479988289741498,-0.028561286245003384,-0.027721849313317396,-0.012056019211009697,-0.028148026803026503,-0.015519800525685008,-0.012418435961844816,0.02266284104075387,0.014336633508528264,-0.02391495553140103,-0.007754561997283282,-0.0015875048877888548,-0.0048834046193593035,0.005483400878362055,-0.03032903030329276,-0.02760197875435063,0.018008366857095105,0.018825555375172366,0.009496149545880496,-0.01478412266000375,-0.005851828703783717,-0.015557922113937259,-0.0019725724251759115,-0.02776451838124221,0.015345561976248057,0.018961391644072796,-0.00012362956893440208,-0.014765657845590578,0.014685066105197913,0.024774402357648818,0.03457113880479373,-0.021502351827456113,0.02629510613045349,-0.020446806455721958,0.354586988903071
-0.006247143194100418,-0.011158246634667288,-0.01735207282807365,0.00877626704573029,-0.009703921684314123,0.003437046337821797,0.005605863247376946,0.008187629051607762,-0.022785403891777127,0.018370444937198662,0.032203439371468044,0.012427396084675016,0.023856581551125883,0.0018601522188582348,-0.013094538990174123,0.011740357929678563,-0.032145973645670706,0.00017313166422847377,0.028356696903525824,-0.004304434546821249,0.006873406760711186,-0.003434798024453221,-0.023543074645204533,-0.01242456715041908,-0.010737594970460626,0.007212493656932663,0.043446206650619795,-0.02197987186682678,0.002890807404751336,-0.0014312026470237604,-0.006872802487312497,0.026018831901491162,0.016039353430332123,-0.007237684956431737,-0.014790610442250099,-0.004852780107974389,-0.02102198788614216,-0.002957713115285437,0.0026635954622318465,0.02895947961723771,-0.0010651318442781047,-0.02153516211509849,0.0040019730204637425,-0.002750111331236518,-0.018491632999066726,-0.00916720935162883,0.8954515671917178,0.011449784972477051,0.012364801154249828,-0.0007766685716282576,0.020324489832330102,-0.018979198044348566,-0.01877782757884725,0.0027303219173409055,0.011429978330987797,-0.006446081658207977,0.0007069431054977918,0.013715993429650077,0.002094140790452652,-0.011983078763522143,-0.008222243384436877,0.012986942818102734,0.004892713828252183,-0.005332082590745013,0.002298636661517917,0.018814889375446547,-0.0002880082233256403,0.0028406548802560132,0.0158492928672631,-0.02367077293878075,-0.003846462553886249,0.009113216246937292,-0.011518843343824423,0.02000181106223486,-0.0065411498865893085,-0.023047552055033078,0.00762108305138396,0.009625656399976323,0.008258574152725132,0.011096314462449663,0.007829891954014661,-0.01030224068117751,0.000778934633720331,0.00701510801822678,0.007891835391668657,0.008621431501707362,0.004176011516676533,-0.011593890099733446,-0.0360168995982861,0.022486539057864657,0.355153517828401
-0.023636120545897477,-0.030912518226190736,-0.01597587345884805,0.01029826083641237,-0.02688166129892561,0.007627487622998948,0.00787972454395682,0.0016387581179309475,0.03995601940572992,0.019507818298273374,-0.013032139634936699,0.05365032418383966,-0.03185119425852043,-0.031072122305830053,0.031153423479696102,-0.013352561182935185,-0.008738713220679801,0.006277784575881674,-0.01646482305013638,0.025885306163749996,0.0009756751154250508,0.038451357979800795,0.011998114437929794,-0.004575783811695533,0.00029115239540506116,0.025818304886816378,0.013802844891421482,0.008883238488373019,-0.007703691649948079,0.021100048508414487,0.004965081620058434,-0.014786362545798319,-0.003967647319966824,-0.03262301501303583,-0.008544494984357302,-0.007150275346806041,-0.002160595275212752,-0.02056858778326645,-0.010357131810794567,0.03340027180895314,0.022606629464404657,-0.0016137528305131116,-0.0027478185693372613,0.0327368015038869,0.02357012059361191,-0.02762131826045705,0.02777589149549944,0.0010377080332968176,-0.016906178740660967,0.012454848699673702,0.024648950663611943,0.0032655059533663127,-0.002429976187457653,0.030744135772417167,0.01560912081784419,0.006907887393082862,0.006486297064359382,-0.028088445488507332,-0.027835583135391518,0.010889440778528468,0.008658585759317517,0.009466122405588693,0.006617806568798812,-0.01462870894936911,0.008145963512318888,-0.027683056721643964,-0.007406537152866908,-0.01832321662565589,-0.0077699179514642575,-0.0215126278933785,0.0004690145590479623,-0.0029667911656329374,0.0013952200023658841,0.8914374184637773,0.0036578490571207156,0.0030567393466034857,0.00816227158012396,-0.002903190362517892,-0.004972987949840434,-0.013763159987141697,0.028015032215908786,0.005732321125835745,-0.013370219575980764,0.020631121737842,-0.0019205382777157261,0.006525182036216878,0.0005603364512001789,0.0066488964878872354,0.0015855556831216742,0.03922933720611449,0.382349986778477
0.08070075000918957,0.08929910077068053,0.0027519905484183643,-0.07212442247780156,0.0166897615993441,-0.05447248569126412,-0.00398288001379101,-0.0010565003342058628,0.00785258400069923,-0.03977220164129223,-0.027332343529505237,-0.04873633380124786,-0.029017367400538178,0.009104346348652067,-0.004954867126675479,-0.030157766255649282,0.05150386019612538,0.045738081926979465,0.008291183071742652,-0.0898046873420923,0.0007115273797254372,-0.03785279504871091,0.00836627593730891,0.04503942514575301,0.6077441155713273,-0.026066158929238643,-0.1666147343133593,0.005109610042277528,-0.020113208908990335,0.028579646509172836,0.03485539775349324,0.03833013942056156,-0.04522707000577009,0.07727635382697667,0.015277860052010674,0.09995670476836739,0.06923640450147388,0.016279349558749556,0.02307768408720162,-0.04376407055440116,-0.00028971044467102606,0.02100083251748904,-0.08815912315962479,-0.09849776491785273,0.009589466540958047,0.021813363445263714,0.16264663370345137,0.02448466237556921,0.04159514321962353,-0.13056835509847284,-0.026984152156821557,0.0671681207471623,0.040635540669076486,-0.18737412147697294,-0.007427886740942839,-0.11834031093354674,0.034861367171300235,-0.01944415979553843,-0.01577330338566716,0.06021587129100277,-0.016652839982913996,-0.018334686411646275,-0.012321014351235211,0.12962485150571826,0.018819854815222616,-0.01897592748969039,0.016689239577224065,-0.01799671309050987,0.0149267281584159,0.04981906147659824,-0.05233101981844983,-0.003363595542184117,0.03194871788768738,0.15215258764967055,0.06668978004940333,-0.03403939902650067,-0.11940047692013779,-0.05709259271072201,0.07988569161737655,-0.05540676955877626,-0.08113922823554276,0.015646240769042793,0.04065252004828722,-0.0785424401893558,0.0009005819502882573,0.016910573743510387,0.05703220325168271,-0.0040703160533060055,0.010064552497246648,-0.12897974477711865,0.383759241526956
-0.07199872550690273,-0.0776921893238132,-0.012146751508215101,0.03201080543808478,-0.026127701997080754,0.06090393773710172,0.025693429657540803,0.01989064069449129,-0.017109911829721342,0.049701236677170586,0.04433993673302794,0.03157781484779069,0.0062711996919213074,-0.021485158487117823,0.005451942366131758,0.0024547889624347424,-0.06713427052728449,-0.025847523667749173,0.03630508448031896,0.04280711382485973,0.016311091773058114,0.04334196016481468,-0.0024736670197290232,-0.007290475243091622,0.732228324224877,0.01127947842155203,0.06520367100787346,-0.007718410579491537,-3.376213376614808e-05,-0.04195710816657988,-0.008945585968602735,0.003148971789871117,0.02148322593532806,-0.03420526493150376,-0.05052511463935259,-0.05317151716480569,-0.05131808365233808,-0.007596112332123317,-0.0006912083442936264,0.036374163072362346,0.01365754234531063,-0.031658105706774936,0.06169846419255053,0.03859461693812915,0.00998081230082394,-0.008635994872424798,-0.1500026827614197,-0.00664668462712899,-0.045944756641336036,0.10529561341429397,0.017882811130897593,-0.04252980355520286,-0.05748304039036086,0.17069702370070616,0.023610270382756673,0.12049706398545226,-0.007963102058676917,-0.0008221095989454631,0.008763297066827843,-0.07175261839996402,0.008327238239321478,0.03216234891317025,-0.002569080960025236,-0.09206052222969163,-0.003563387881199984,0.0259832949818093,-0.04614736001871858,0.020694775484780395,-0.005693368477602767,-0.03666894174139638,0.014521475344027875,-0.026925838942690912,-0.006765387913530461,-0.06988148121096965,-0.040579987483469956,0.01521542253059457,0.08120666262836727,0.04412174124674616,-0.06508567575529609,0.030465438550759956,0.07515651379241683,0.0019915149505771294,-0.006378415043778605,0.03194969242383184,0.019988019901831938,0.023550779023739813,-0.022357767143071774,-0.015544530679366897,-0.0160148143487579,0.03992131663568105,0.415451761933437
0.02753924948465107,-0.00262238890202121,-0.028040283552923435,-0.015707615359822784,0.0022775839890196705,-0.03408875264668081,0.01712989655794415,-0.00235611721949106,-0.012501686249831629,-0.025391708925680843,0.003046335204777605,-0.021106620184360308,0.022733094389148764,0.0017249113586948852,-0.027912155553159297,0.026767789486205097,0.011007200328300883,0.012704882704954894,0.053158866804451005,0.014255878036956144,0.009389766184247467,0.01643182121002049,-0.05412476902300397,-0.02306830398693469,0.020244013539451936,-0.06500930335692717,0.02444477015083922,-0.02917597533633231,0.016694957754494606,0.032216445209848024,-0.0030400427755302288,-0.004058037346617517,0.0016294580887897569,0.01985865825376439,0.0214765199416472,0.028268550351885538,0.04459816315809919,-0.013833336100407208,0.0003989810940395886,0.007718576361548882,-0.0341953746945711,-0.008971366926813888,-0.02117138912207725,-0.019630610749478077,-0.02818195794742709,0.004893503423785233,-0.03596406552475994,0.015509141255145114,0.017809510727240064,-0.022391660562856512,0.009386318038230737,-0.01708679978780236,0.00629604278558755,-0.03755437169755205,0.00017192364451478745,0.8682854728803823,0.02480613862600098,-0.00379843438817622,-0.010739566744728393,0.012379599700841917,0.0002491336622937849,-0.018561529409619058,0.010240060967906656,0.011171234339860952,0.006164278900734381,-0.016577966285589503,0.016112769543595525,-0.039139124458544346,0.020491690417120297,-0.022600822188715442,-0.015850044425933102,0.01915801323338179,-0.021649919266680126,0.03316168709260939,0.021835529745895366,-0.02084823026326369,-0.03849356148755767,-0.021562143603468083,0.044369491867776015,-0.008795186771847223,-0.018699992402270115,-0.003314234893612526,-0.0011803585996271796,-0.02614685160441529,-0.015570421118951376,-0.007454042587528274,-0.0217886920013557,-0.004697365469132444,-0.0214407649851824,-0.0008806483039157272,0.417562856018191
-0.09012000120340065,0.024843700508081094,0.06424281828227776,-0.005708973419332752,-0.03408172657816396,0.0632192780139769,-0.020019686024510014,0.02234039574817708,0.06701758313838586,0.038640956657356326,0.003365023533567646,0.062209888155282216,-0.11184507135583917,-0.02780036613169907,0.08082035126816778,-0.07582760633010814,-0.00880787457488014,-0.006523382655655227,-0.32681946430850384,-0.06720393060887529,-0.008085639415954676,-0.03254041647020152,0.1264812751938024,0.07708339286066954,-0.026788087624309502,0.4361401334357813,-0.10559971803165524,0.03771952398506126,-0.07216857186988682,-0.0020682493418014702,0.03994031873497666,0.008527545303351515,-0.044793659406372664,-0.01752712089723123,-0.06436952021111089,-0.053925862953404305,-0.0297349354532715,0.03016823536464474,0.03246964874435197,-0.0031769820060649793,0.09335408757889774,-0.009478345297009553,0.0055595410357032965,0.01534929422677341,0.060661030096172,-0.035027737762250134,0.13250267110668068,-0.003247350580146722,-0.014357987177731686,-0.016453702990247576,0.0068785294192560105,0.06815806399005166,-0.02033905874931131,0.08526640569530904,0.020767324975666416,0.347701954423627,-0.009600454803165452,-0.04320002518867996,-0.026981587090237666,0.03579866142201302,-0.06785657445905044,0.05114843733773344,-0.017436622458866177,0.04507486478874798,0.036841569996212346,-0.01521145602611187,-0.023889649746266877,0.03769766226379728,-0.023170468077178066,0.04848795791377668,-0.012276621845699035,-0.031504506613743696,0.10486155247825112,-0.14005586801244038,0.007270173382877807,0.0074998411835896905,0.04331700484554067,0.010193327300228917,-0.019609922199453622,-0.02350456164518539,0.050471749204820456,0.039721032162538285,0.029312024177351046,0.06888270232397613,0.061281234141856454,0.05351618445943031,0.09871360788269477,-0.008460377955514381,0.044287888974137254,-0.018895637253617627,0.428247449048258
0.08514286013684569,-0.033820736487212635,-0.06963369611027109,-0.025716089228142083,-0.012890543459299053,0.0017118696813444591,-0.0030671950563567283,-0.023452453244251385,-0.0022188048336325714,0.012231107696223145,0.008181457694151495,0.0012070783175122104,0.017380872846134966,-0.0028758197634120206,-0.01268104995239589,-0.01651717740439963,-0.0006353831956526344,0.04342113050446339,-0.8009791612661077,-0.0011317585877719096,-0.0025254185872183427,0.028235159263496585,-0.023099255036401627,0.011082259885356424,-0.03654382110995463,-0.030121475793315998,0.01602563608268655,0.010436557226620968,-0.004289402115760009,0.002105023910035697,-0.007842244433563631,0.03151693392039583,0.010450959601111197,-0.02267507125288522,0.014748420737810474,0.02709302167295489,-0.011236028126699268,-0.05651962070660701,0.012647385061476281,0.011604767321801884,0.0131599825258869,0.04162604695715526,-0.05736778549091741,-0.01796716834779168,0.0027046190902548783,0.00349289386335743,-0.04329480604512968,0.018700566511014278,-0.013054060143722589,0.019576206587765675,-0.02152770216881375,0.012041055704839853,0.026806951911343854,-0.019579225329306605,-0.01821677674985704,-0.02994456354787022,-0.0005792507977973021,0.038138085829212465,-0.00013802180909290148,-0.03037715112465851,0.0686514119134663,-0.03032112521917215,0.0072820780842951325,-0.008195496942882019,-0.019928664973624218,0.02878639494344983,-0.005026788114120225,-0.00013785318649598745,0.013068618051700618,-0.02592202080289248,-0.005389353651149833,-0.026283904450712863,-0.06949815421536214,0.05638842973977112,0.007394543875570127,-0.0059571620336019045,-0.018954114646344992,-0.02675266135360993,-0.011243095181025621,-0.06779697472285523,-0.009631652983826755,-0.001330716781512883,-0.014625276768840187,-0.12913425567258865,-0.021116580774699596,-0.005589397946446814,0.0016028532439032502,0.0161869835423337,-0.08393366008443852,0.011793600536849096,0.432199846296291
-0.19970843368841917,0.020535277483404713,0.02816318360548437,0.007492565110440069,0.002000959126679899,-0.04371863218640788,0.09913539675252869,0.11722169717588221,-0.004382731472814421,-0.03656595069684939,0.013475505818354798,-0.035754349839869526,-0.03432053468024282,-0.034590738093718924,-0.006917651147341677,0.08700911646855738,-0.032509763385022934,-0.05157954608336528,-0.3293807655467059,0.023313892535347613,0.05668748291620006,0.028208288449420485,-0.025935685168437625,-0.025870350214056616,0.002360349967638999,-0.0984341348657702,-0.020936791659601894,-0.05277109686057246,0.040607129580310306,0.004395817787242115,0.04846005402107614,-0.04912421982170876,-0.04400693295987997,0.1550362657867949,-0.04796561004298678,0.014642306099768795,0.058757934703840914,0.056371415972213124,0.02734511791146737,0.029185504066818028,-0.05001553669595801,-0.2327926464815267,0.09520553097011958,-0.025996487136592406,-0.021209649362727068,-0.03287128838236199,-0.027277935429406562,0.011738019067725149,-0.012039846020722372,-0.03015280294950343,0.09149378461484121,-0.01726079077519376,-0.3788924935978624,0.041876969204719394,0.026227186525789318,-0.1380869165279643,0.07646387949343587,-0.05652221119132141,-0.026023763253065036,0.04292220752952764,-0.14597372776546721,0.039939581504191836,-0.00841293792122286,-0.006622413245761402,0.09897355219997485,-0.15705618283916348,-0.022066759790698484,-0.06104825834431857,-0.012258436910833618,-0.014380752213133395,-0.057499763805740685,0.06284813604301279,0.11275535735761816,-0.02293336248536025,0.055649982732977804,-0.024998576420050718,-0.02432435144308729,-0.004604909565658185,0.061113851620969335,0.16064814030125943,0.02190027367523039,0.003773049729083981,0.030453230949606728,0.19201238091298067,0.02406971115231377,0.05720841264210432,-0.02158641926539924,-0.056148558129175415,0.08506308999119921,-0.1337495346115186,0.434622824078306
-0.03712322375569798,0.020032970030578502,0.022693746931188252,-0.01226291164396967,-0.01938972421050758,0.04447538363932471,-0.009679791102360004,0.010519400200205581,0.050646875270367125,0.006963891620727906,0.014627008301932415,0.05430676435797176,-0.021684763968175442,-0.025001569309022822,0.025976118861473683,-0.027305248422018327,-0.023034205106550878,0.00018500823282659613,-0.10080119317108982,-0.06167849095252146,-0.016491292055014546,-0.020712613821881113,0.016435429801881507,0.04163480161941738,-0.0059089843383599155,-0.8132216523968537,-0.02772334522806257,0.017296740579762597,-0.04519579245758294,0.021395056193706567,0.025043672625053533,0.032723449302272375,-0.04698297468111885,-0.010192229730315326,-0.03773842594816128,-0.06575431440243694,-0.03707195943158576,0.006946279275169239,0.02041231925129344,0.003812537394818719,0.06819726934662798,-0.021144521130331412,-0.023621988166592126,-0.0007797017719920661,0.03167458180624827,-0.03459858576946654,0.026028150687447793,0.013136550312840979,0.007449072170768287,-0.022482421270141387,0.0014136790211374554,0.025471451023655615,-0.019757253854859515,0.05796176645444273,0.012247824979857148,0.07708229273215801,0.015534083713127905,-0.004570973177372974,-0.034966679470882535,0.024229345404729825,-0.03682868788362198,0.014813233872818467,-0.0033310182126630905,0.0436284356584869,0.02699754162884768,0.012818441872352862,0.004293448120184362,0.01498377455356256,0.0030773497308580473,0.014140583394390728,-0.00313738935462495,-0.016966846725578563,0.028774704604092264,-0.06830138743950431,0.013464356564290854,-0.027854673205877627,0.052545317937825554,0.016818129704094086,0.02225014053457752,-0.028458690608739984,0.05246167053719533,0.02907223685246518,0.007753785755415477,0.06933679744460676,0.04550244127507677,0.031523549432154456,0.038715822379125325,0.009016705392181803,0.0032865960048686815,0.018833169189163466,0.44402773887409
0.048448684907745836,-0.024975931765516126,-0.026911548512766337,-0.007252354967027773,-0.01819562412360499,0.00792067216211583,0.003886335768130532,-0.01751152663583861,-0.017237285697748624,0.02783953749607333,0.0058568643611569835,0.016236840096932447,-0.019000283980355786,-0.025256299317293812,0.020927474619891362,-0.055358147064189636,0.007606790784010581,0.05588437704348237,0.04774153408555245,0.017279985195591784,0.021913986590300655,0.005115870442867467,-0.0006307727908721375,0.027041732058376962,-0.017145990255651812,-0.032866079875318144,-0.017366674882142583,0.004070414338895911,-0.02695554793490262,0.025368828138148843,-0.006115721513652988,-0.0031436573115949185,0.013872963753326214,-0.022824910751095637,0.01628396320018672,0.06270263702116717,0.025908063962264007,-0.027752958246349834,0.017142365357024555,0.0025627451630058327,-0.0028604931966175156,0.03893125007644878,-0.020760217211744397,0.011971778025866901,0.008102771063990731,0.03222949703730777,0.005688270901876499,0.011192898154310824,0.0003889918008188735,-0.0019938195661940855,-0.024663744897416594,0.004459559983111664,0.052823866386158796,-0.02656770327031106,0.004522621516723796,-0.0006371494027563751,-0.019516376167703284,-0.014643235605737994,0.02926429558283635,0.001732830489106156,0.022980528819091763,0.02161031389496927,0.011564002593507315,0.003040011173145276,-0.008117972836311304,-0.005993917598039063,-0.03221012570946329,-0.005472367611506418,0.02406193651537467,0.0056374944849359706,-0.005652431911525693,-0.03024345389607303,0.007209435039546294,0.007915327354506735,0.0020541659844806465,0.011534920405477734,-0.03231407889963319,-0.0315506660037068,-0.021600321071438104,-0.053518006919043425,-0.0396018844857106,0.012675501248108893,0.009298236709125893,0.8713350952725976,-0.008099043773530476,-0.0007812995526706345,0.003612390093162353,-0.009253431140356648,-0.028041814867612754,0.020488003715310732,0.444360371898764
-0.12010405452263795,0.05975214399460808,0.027459736755689357,-0.020060550330667924,-0.022502233106874058,0.01795972097044922,0.05784943419778341,0.08481371643498095,0.04101674644608488,-0.02271036502499223,0.015580574118087206,-0.03973376599252781,-0.10547083449255412,-0.02224153414139327,-0.005649937388578476,0.04357781907802449,-0.014560709571346258,-0.04657921440495878,0.012415643286936473,-0.01916427752853397,0.05720733356206557,-0.007186181819282831,0.051380714131645064,0.06348415420122419,-0.05950107835270939,-0.01916903383306924,-0.06261305125159768,0.00927862934960972,0.03918575298583753,-0.0022159324414806336,0.1456920241127558,-0.03045632002800545,-0.0675758573385612,0.09095135149555657,-0.0601581257384917,-0.0012122962312373134,0.0066815897346658385,0.0302750125180828,0.051951265338685944,0.004795592881567714,0.01598477649295187,-0.04858967691007659,0.041443079910478846,-0.048255365604297974,0.024156737767973266,-0.0571055584025884,0.008272679191918446,-0.014560327292214906,-0.05578814841872113,0.006533734476673945,0.01482882655022547,0.04161071027582252,0.7369917907595492,0.14761009493967028,-0.00983640289660591,-0.011353691162812542,0.06879765383082669,-0.03261740832351484,-0.02892770691510336,0.013325665809086104,-0.08308613248780058,-0.007803777892968227,-0.03632835045150514,-0.021425143711923094,0.06727227573632587,-0.09373060803159196,-0.00817804440546142,-0.029955381741053912,0.023430159187654443,-0.033939540051342657,-0.008093063615713193,-0.01568821545480504,0.032643547913226,0.005273128376429905,0.029348850812075247,0.009769838889471727,0.020345063923854614,-0.005033749280765256,0.0122896144673768,-0.03897679885636628,0.03456530868326442,0.052475797470080264,-0.004944532978414514,0.09158450889092087,0.07566807104030944,0.05809625786121456,0.017455899795834964,0.014842783618607486,0.05067828088272525,-0.10943651383226823,0.445719643349793
0.03583060509163665,-0.11584430257614232,-0.04584380815573631,0.025554435246356182,0.03490619954597066,-0.06048067023614239,-0.015042280460242146,-0.02873771486700149,-0.05401621987283371,0.022567857918885343,0.017368418397359267,0.05262147310494426,0.14939709608000207,-0.001455554612332608,0.017982031111977114,-0.006356032743112497,-0.01691671335538554,0.031114145293310105,-0.16152718495434967,0.01593272662737766,-0.0497256344988532,0.05020398504289787,-0.15624102285435307,-0.14796948667954946,0.065493409999993,-0.007556610033898803,0.10162604490582801,-0.044062940018277444,-0.046006962463096816,-0.00517659128294997,-0.15310626931736332,0.05176029790714423,0.05188268710373724,-0.046242905603514003,0.01996580145272952,-0.007140190553229983,-0.013396812722780913,-0.018769264363209134,-0.04718243183047731,0.046076692340962004,-0.017608128517405407,-0.052400039455150454,-0.020692286344668513,0.027929983921578406,-0.04074037829520972,0.024109295090742475,-0.0830161930510518,0.05232979481896293,0.06536770691329524,-0.005847132575012835,0.0694953396082854,-0.034742281852178744,0.4875247001221949,-0.13735802105343145,0.05226885251718184,-0.04335027339995744,-0.04600285048426797,0.011440392304697884,0.010902802627673925,0.004882373546823714,0.03782033282297341,0.05442281409555569,0.06408949469945094,0.028860081644423226,-0.0024817974373564015,0.055598031471576805,-0.008689974598913932,0.016740611651162522,-0.04508173699710765,0.03001306668656356,-0.04512004922240127,0.08301629664853254,0.012091859526300966,-0.029520714358111894,0.024635526895015858,-0.08112994252785594,-0.02788004751384486,0.0035332354476500165,0.04469933180162611,0.3654141859636469,-0.004203365154082547,-0.09476210412625229,0.041588233668458104,0.005857573074917954,-0.06417570720728491,-0.019792102618307845,-0.029872542332437954,-0.06960150226109814,-0.05617386856638914,0.02585759191432347,0.446980487867387
-0.018605585800264165,0.07743171976492651,0.022140948007604536,-0.0207167095508674,-0.03854676517529521,0.0379544297251932,0.007389169835475757,0.013330089527720771,0.04112900288832901,-0.010982981295975079,-0.007606702602434024,-0.022440482748706074,-0.03682527114425131,-0.0018245483122969468,-0.026622113888733992,-0.01143411371460536,-0.022313720487754773,0.0059040641086833675,0.056251733631766124,0.0014597806891037135,0.03219732894633954,-0.00958182294209999,0.06398709036889101,0.09455968379232065,-0.01807674521395441,0.03414905739053893,-0.04933783209116091,0.012204365513450407,0.039475285676321026,0.018194385433158586,0.037916821729259434,-0.035693334095976664,-0.02146086156491865,0.02158277870047493,-0.008206188197266512,0.013262692526234928,0.03017359593267684,0.0019019279315208707,0.008401067949260495,-0.03565024716641793,-0.019358637809857655,-0.031650431376088736,0.038343005647165515,0.006848686168921726,0.015935603357994307,-0.001540958380380947,0.04817025208212176,-0.0001601478629221849,-0.04464053780765299,-0.056576156662801524,-0.03553148659073594,-0.02702494865415522,-0.016545691839502743,0.008833787678741755,-0.01038888086873342,0.002284949322332659,0.02471312033355901,0.012671291530672774,-0.013774470334563181,0.007140390688097707,-0.028009061482075544,-0.037985094991038075,-0.07852396755225341,-0.0008656772677515472,-0.02069054986732062,-0.05703315682332027,0.006187292382119807,-0.01979786068663704,-0.00916321585559193,-0.00134977739017201,0.005546092081807428,-0.02711459338445771,0.014020014493578363,0.01042278820961713,-0.03275776284920427,0.10206508795532758,-0.03559674456319612,-0.009986100489028926,-0.058472601780600535,0.7810234410221925,0.0016415597752002695,0.05896442333450182,-0.015310315953148433,-0.05016244518436388,-0.01743276814230448,0.004646706172948686,0.025258110482618473,0.03066835132330153,0.02475636726349629,0.02512210912098424,0.447668133020955
0.030641100153484903,-0.1286343520760795,-0.03574378198820482,-0.02590424141587523,-0.02411615741312734,0.006279720091669946,-0.011991746955529094,-0.02991424234508675,-0.025459112372399513,0.05454915992023744,0.002441871490063528,0.04474739401431923,-0.039269508644565014,-0.01958901518682044,0.0905692661738001,-0.07507847321688446,0.03922078432592913,0.01044744021020002,0.07180891405392374,-0.05056896823815096,-0.009975276437685109,0.006385455554534065,-0.020870370378551214,-0.026798764097576776,-0.03604388120073008,-0.018644508079265477,-0.01852920994394515,-0.023517779731303805,-0.10332815157923696,0.030547416423577136,0.03745468429056072,0.059639394247877925,-0.003978402412696028,-0.004252678274395145,-0.010691464160135094,0.006267032588847839,-0.015449710159937523,-0.011625879589688304,0.08091792420488925,0.058111632889761906,0.11587892533369663,0.39868905700599366,-0.16404575319184866,-0.028752959762348367,0.02598120666729674,-0.03849964817430336,-0.03285863128786058,-0.023271823656659786,0.061148795680254574,0.11965387362734912,-0.004471633202901154,0.08685674592677047,-0.1439472753742644,0.04482291027422057,-0.006211119126808044,-0.002760966863233295,0.011101069136428299,-0.09963568228621567,-0.027972320412344046,-0.009651503622895158,0.013473208407604102,0.022780338945254153,0.15039230419596333,0.0373980318504147,0.04085694586805778,0.058829071867214554,-0.021766037199319934,-0.004236402646048481,0.11415464120154592,-0.05766174136512105,-0.0035649412003828382,-0.07851113266332845,-0.05194480566850742,-0.02416016845868889,0.062195088299760816,-0.14966317631401732,0.050008995000138314,-0.02540155471232055,0.08150037247455766,0.37184968373653093,0.01568710096405177,0.002394795476432783,0.011461769277059677,0.006152099751166573,0.12100786660265439,0.04807485161506681,0.037148067806058074,-0.02730534468703635,-0.055354275437522124,-0.04634563975471069,0.450344811874926
-0.05204549875946857,0.06518483846766165,0.0060422663001666556,0.023302688099181835,0.0383950991996946,-0.019505637161806005,0.04221210181974999,0.05617545580771973,0.03179113271202833,-0.01392971363331647,0.039808380056995864,-0.004466567543847343,0.020801222419957213,-0.015854551079029992,-0.054561164463253396,0.15862685078352962,-0.03300006495564064,-0.0028870233020213457,-0.04046031989518058,0.015191287827095317,0.00900972685411999,-0.004843262648362624,-0.025458820912781482,0.015448040741500978,-0.01148118804060211,0.020131058266081952,0.0071855176876394295,0.01776594164195954,0.025717019695477863,0.011225746993758765,0.009714377315063343,-0.005009375721853502,-0.02384735521747093,0.0004957537658497807,-0.017233089239890313,-0.013404496301471473,-0.014488885701027302,0.0005197647373905888,-0.016923488733026168,-0.00520539313271721,-0.011851062018853052,0.78835694861633,0.052517927609162664,-0.017452310671837012,-0.014384086111520554,-0.008091967841554047,-0.023186500836913364,0.04894419852731457,-0.05322485764657266,-0.05082768634701698,0.03519711483091433,0.008077054797124299,-0.03257274374596351,0.03198034476366974,0.01473130346914634,-0.023865173246524617,0.02981089164859905,0.0600749631305398,0.006785810287865083,0.0009208204056693342,-0.043313078280049905,0.019001449086356988,-0.045027511881827,-0.008888070160324705,0.061875744990493385,-0.052876448693719914,-0.012338798028923926,-0.0030211183108059844,-0.05636829655790375,0.010066823353389265,-0.04678096355269329,0.03818208386634265,0.06543210734688519,0.012329488418508769,-0.007441542027317824,-0.01731108162367402,0.008694330103114593,0.009958806512515335,0.0232979843095691,-0.04310235190421861,0.01031192357612027,0.011278238067835497,-0.0022988649228140893,0.03663956117430285,0.002011848203807812,0.013304417208705876,-0.027794742091036922,-0.006379258297940951,0.027174173151657516,-0.014226232628320675,0.45690522013115
0.028870038154466877,-0.07031735226085184,-0.04581882675229587,-0.041474716540980866,-0.07106665235641678,0.035116862161063224,0.014299012709037707,0.011291419976346117,-0.015177521979723,-0.03178314365900007,-0.031239589771595692,-0.00026686080654141563,-0.022384987977177313,-0.023068369138744035,0.05954006447968149,0.8142866293134868,-0.038722956539132575,0.03729791893314237,0.03620855851774369,-0.029639746121236578,0.03110321586959834,0.05066699671053297,-0.0008928866692765664,0.0017867792198149306,-0.013290947291546546,-0.016906470413869664,-0.05402608793464831,-0.014182397800295822,-0.005403960021666303,-0.009477272393873857,-0.0021436369266350378,-0.0319423472983783,-0.024208446895454566,0.049802195021994275,-0.008346070158260754,0.03271338988835773,0.018431000913980197,-0.001411454341775766,0.046644377358431154,0.02616752011651709,-0.003182945319235589,0.048640372844156725,-0.008508211300796003,-0.013605941273802654,0.02904182777027709,0.013307878462526011,0.037340217013570216,0.006263048192425975,0.005449219699750588,0.004601773635244596,0.01376135499600096,-0.028227157632408746,0.027252149431415296,0.01952391530854119,0.003973292652518109,0.005848876987805287,-0.005720310265509189,-0.04215561139220821,-0.015995600240830722,0.055870218156451795,0.03912702817778612,0.01647750284925479,0.010651759858734657,-0.017030969437076805,-0.010506834529861547,-0.01779469028918244,-0.028234640131151987,0.01800091866114873,0.040593124297570664,0.030798945815336005,0.025172855715934514,0.009278535229246213,0.00981649461057777,-0.0394786909056603,0.07657049033558667,0.036572399473622834,-0.017535654067604933,-0.029923893560995608,-0.04069622129177728,-0.037990246145305245,0.01616938947941093,-0.0023556747904500052,0.01686858646696589,-0.06941005928439035,-0.036776182042304255,0.019832638304990772,-0.007249225920820661,-0.01833962645099521,-0.01799805234096561,-0.012482025030365513,0.464783106610678
-0.12784137091468273,0.05138405104354851,0.09648778884766217,-0.012217468190860722,-0.11369075313889303,0.011907170453148515,-0.04366443789311512,-0.05086327953220353,0.0896032941106884,0.08440319366552998,0.021231916593786773,0.01267955395995932,0.014687856652375143,0.024377240666540994,-0.005912474748881253,0.2754640410681208,0.05133422858440303,-0.08074501081490734,-0.03172439809763151,0.024909112963662848,-0.03934564299062279,-0.028620885002953532,0.027389438026671677,-0.007126110228140305,0.038779246699626034,0.060705340726582464,0.09423051456195612,-0.057228848597122184,-0.031552504888573425,-0.00023182685991358226,0.022092941739993873,0.03260463020990503,0.048584593770328505,-0.023396184836696195,-0.008292026939266778,-0.12776630878210174,0.030479144823435333,-0.01712350091346037,-0.028414729584055425,-0.025188727777761762,-0.01818885642679763,0.008109036668438546,0.02002549342286183,0.08929194999311661,-0.03473533008192817,-0.05316836505726859,-0.07956319997362546,-0.03262067703703987,0.05725784860826548,-0.02910677379025045,-0.021538856128829165,0.010232787536228864,-0.01957545927711174,-0.17128637922931075,0.0023971079150178773,-0.039721021859885304,-0.004395377392373554,0.002942187335524324,-0.04095722750199933,-0.0805291406645316,-0.1005670038956674,-0.06237471628475972,0.014379512117711409,0.1488311332653076,-0.5064544723184246,0.04890256842305389,0.047837125358996355,-0.07363666073964113,-0.1451697069830469,-0.06613740572969866,-0.08407871828192019,-0.040904849382509254,-0.05567576377503884,0.02505060794427929,-0.07633145844586892,0.04149478236272744,-0.0810704733207025,0.009510682967569125,0.007459792941855672,-0.032166081681766365,0.03312284847286286,0.01287558910996995,0.028616995729036074,0.11546050816086681,0.0023803663893859385,-0.016710023211679012,0.16160201652023845,0.028528496456596636,-0.03916477603031202,-0.009558464187534525,0.465739466839212
0.0670716696833038,-0.04127070999921095,-0.06417911916611237,0.025969523105146698,0.025180433388444997,-0.05866898195836522,0.040162014606915014,0.08787320464071546,-0.049769827724331986,-0.0027584449027430384,0.03745818481453021,0.008939745880541325,-0.01801586806627001,-0.020616542436474854,-0.018237714043546502,-0.012043163071604364,-0.01948595929173606,0.0594968840029271,0.03558497623193502,-0.029503704693356333,0.043840513741461716,0.016493706695670386,-0.03024102693667363,0.026410522127643138,-0.0729514739634243,-0.043988728612632776,-0.05854204897304605,0.01740468064419037,0.02741436593692932,0.017305562733969562,-0.023076885332918542,0.05553131768397566,-0.026769199985441163,-0.005256403607527526,-0.018415038948824774,0.060066018808425756,0.006765938476754659,0.01087746787330722,-0.006740636009806725,0.01564877298845983,0.028638967819459068,-0.09585793830277771,-0.03242794243409942,-0.09166174598149138,0.0034923523997621927,-0.009923341995626018,0.02821645812138583,0.06968619639692497,-0.1019221776396279,0.030324934752873657,0.03041706158306048,0.007931728205323254,-0.023467437993001557,0.060813452623650274,0.0405412818774699,0.030218739170941426,0.01622284737458856,0.0265708830063328,0.015136556446933767,0.0391257241660575,0.0130649576323308,0.05401153666105844,-0.058045721222140016,-0.024063606126892397,-0.7118433929973467,-0.029236804608734727,-0.053862602622403624,0.046453875920242194,0.07521569405449013,0.017141370518683766,0.015553648116221475,0.013509127010278447,0.05931132129749376,-0.014348348476923335,-0.00727383805916758,-0.1007220526425827,0.029184325196335112,0.0035862269545125797,0.02349457428699429,0.0472265242422487,-0.04023718658063649,0.02602478897996785,-0.03568714649030571,-0.04369089683143127,0.04709111666046221,0.04802373425485086,-0.05768495409776578,-0.018350854314160277,0.014335681004426228,-0.020793049475023667,0.468312500419652
-0.023855089880058578,0.048642307324820076,-0.0014851496352678197,-0.020685974224725286,0.4441921124509785,0.10963288274649977,0.011161205301256897,-0.06618385198287734,-0.005562436536289988,-0.038752829866431124,-0.03465321191091989,-0.0039567426139223835,0.007288979372283023,-0.0416246608406108,0.02239122220521833,-0.07573395214452644,-0.03716473530991397,0.0013930798293106243,0.0004582820774090532,0.010551707282126364,-0.05592466054283875,-0.01380982689204143,-0.010043996322456986,0.010793352998892088,0.024180612889197133,0.06357453924626916,-0.026559148248952738,0.09623821148819173,-0.06827496936399599,0.04974909866304157,0.08245493761437811,-0.1254624734095339,-0.04222413902133394,0.018265601234287797,0.020947323095960715,0.030423360619147972,-0.11158196303534983,-0.0013638180904282475,0.1263022518836604,0.03894060801115267,0.06150925570673725,-0.0014467597380028205,-0.024730128230708883,0.0016362770750690593,0.04794253346566443,0.05115761282104252,-0.02012901866758806,-0.037878504566890216,0.10018796382322466,-0.0343397566906779,-0.01842452536518853,0.07192510014354636,0.006640423714330584,0.25156829316409324,-0.07425274715663802,-0.04890765402447477,0.038780754852247926,-0.063417644692613,0.007678297074207564,-0.009022444214054445,0.022029283520519524,0.025651176373242466,0.14806195328550953,-0.10987784502100481,-0.31779505392926244,-0.04388400334361913,0.017648682393143395,-0.03399761679341324,0.04825063476505296,0.0004718590821985882,-0.003964425049365372,-0.02298091333296528,0.00941810497736987,0.0033575529165074014,0.1976236223739818,0.004010160648954407,0.11749551662403898,-0.03167550187832909,0.04373428675031237,-0.033925633824834475,0.06787555624204593,-0.03563435306390159,0.04729854742873237,-0.021144857731709932,0.010743542373079357,-0.001220134827231001,-0.023193520265147573,-0.06224401259342851,0.022552654190373642,0.0406752065891995,0.47024142796703
-0.017133081953832407,-0.06610010403201572,-0.020946364267073723,-0.037096985121834014,0.7317846804582512,-0.030330490546894583,-0.0026820684319809854,0.053116634335217794,0.051340425845035,-0.01822124550454998,-0.015289727303192575,0.007176350486693967,-0.06039026437401344,0.007953057522433955,0.04047175983295315,-0.07738761914321236,-0.0013935877954311428,0.0015887081640188331,0.011136870065662717,-0.022489947578269078,0.0783420901695295,0.06361481110570184,0.02818972890944022,-0.031530332853780145,0.009209430530195076,-0.030405156372268663,0.004033954285230566,-0.11741474087886437,0.041646863248943476,-0.03899215326717616,-0.0376538143486955,0.01789838683680772,0.009356337642307552,0.027815992318784642,-0.033583426151530274,-0.047217084876241294,0.10608579090429653,-0.019879927327218397,-0.026445743901758835,0.004874681181965837,-0.04840293396047201,0.09073880686519269,0.0448161790284102,0.03687344683603062,-0.015931991145156667,-0.045911039936884675,0.026998073586644317,0.015979430118497923,-0.041833107542253646,-0.005345884435705933,0.04747444727887645,-0.06773986965403625,0.012565630794314709,-0.11446096063916254,0.03204878409384619,-0.010379530815279137,-0.01600756070600273,-0.0020179036492487517,-0.059063270779272835,0.05714204424421128,-0.01798873808042233,-0.02669615702397845,-0.037387721130708984,0.10338636014081069,0.008067077855117543,-0.0039038940829756825,-0.014319290705134574,0.0030022769501999243,-0.07039116915705333,0.01427162777340727,-0.011051131618755334,0.0414879803944266,-0.001420736938726337,-0.06805516747840737,0.013671250098357415,0.039527646626204976,-0.10381672654104089,-0.012864626719291422,-0.045642209835163074,-0.04707893220280783,0.01604542500537401,0.029196777768011953,-0.022122576347305627,0.0005139521695084228,-0.0625875519865232,0.007507507447207351,0.050802206462858615,0.04856115252324581,-0.036725206895370455,-0.031975622274896254,0.485108278985925
0.033020286750552054,0.06562035096240033,0.020121491256887298,0.053644075278071274,0.4268479011227119,0.010209010094494809,0.007974005943942439,-0.02826775685796476,-0.034595740326509625,0.15388088797495778,0.06693287812813231,0.027124598211336656,0.073405721725925,-0.01774642764263972,-0.08060763190330521,0.2878322118237173,0.017872236938819758,0.009141461711206663,0.007431355091134501,0.029411619126274147,-0.06192910199174003,-0.08046447493797904,-0.033020270999124884,0.04987185734805198,-0.06611037464350411,0.015489996270957472,0.001202071347505483,0.07366929212459847,-0.041334132970802205,0.051183128061687046,0.034082836807558366,0.08833314886272882,0.029976806026085843,-0.049353465326329844,0.009200398325005427,0.09204770984966695,-0.024122651656605373,0.0313206688108963,-0.03616942765601642,-0.008084943389581795,0.024816630669017944,-0.17955044055881697,-0.08706462614857266,-0.08881719896208436,0.0011027290787455355,0.005471927774293122,-0.05529179812938035,0.01768579939667712,0.010471447199853953,0.0058455005882562215,-0.07099994805883689,0.045298378261780216,-0.032521189298329416,0.004740453551591519,0.051855796215624986,0.03732905834443078,0.02635226283164344,0.020787542366149592,0.050809466667477425,-0.1029615691864493,-0.012356086211927695,0.02634527927705864,-0.01692987435051759,-0.024573693321928314,0.22393859926287787,0.06852370946843407,-0.01796800130801045,-0.0030099019620902093,0.08083813804205202,-0.06861016070937653,-0.002920794359476505,-0.14116976068353282,-0.00831648913431447,0.08580686273812778,-0.3557230567487783,-0.06149156146895639,0.022133473621234013,0.03573609978372141,0.045977306717996345,0.05465407780272579,-0.12128437420804075,0.009704668507883672,0.007907405498933451,0.002727375294315605,0.12477263312740507,0.025740975725468487,-0.0036023491009375247,-0.02229544068433313,0.004908716355096152,0.01523745082071289,0.520831578167103
-0.03978684586739656,-0.04426189509209056,-0.0061455090560012205,-0.0289881087862455,-0.014444898745352562,-0.03522245393286725,0.013539996586579792,0.02170432330125846,-0.014954912907054668,0.0012726321730312643,-0.022304167037847655,0.0038199525642471,-0.052573551854740656,-0.010465896895149505,0.05442826473943576,-0.05049200981758169,-0.02208859913741299,0.007044181633205175,0.03508586686682508,-0.022768211885993185,0.012245094331383665,0.05053109008140188,0.016583389055627527,0.021705793124207298,0.02052197465469257,-0.004565366271925354,-0.009989232378908886,0.008431924062033067,-0.007437537378067115,0.004503363350176884,-0.007399054493606049,-0.020261177081797272,-0.05428565767404736,-0.008326639411134793,-0.00022037321020443502,-0.040491998778271344,-0.03880580986397439,-0.06630047182424013,0.05619202607887991,0.0021637827463297696,0.03250366830145235,0.017476034529823832,0.027773253660514582,0.03747456883783086,0.011721198011910731,-0.00564683387099235,0.0203922089142939,-0.011321863109805638,-0.02584363849371905,0.009601350771516777,0.04966758876202005,0.031017825362447536,-0.009142573504169893,0.038179697259963584,-0.05165802762307511,-0.02635344322251561,-0.003211250506471472,-0.032243210127667704,-0.042253064234549643,0.03588393444057206,-0.0020911607454602993,0.017598147520075227,-0.03059915502768968,-0.01989084900010356,-0.031781973879282735,-0.09999750599780399,0.02720836496960633,-0.02133182925119154,-0.018406533564894793,0.0467128410183967,-0.026485019934052997,0.06894303918063324,0.027915581497779857,-0.025827192323297873,-0.7929841501589003,-0.009660692844819461,0.0036542300561612793,-0.04857978321072793,-0.026360201223027655,-0.014339275996599404,0.10687327114096884,-0.007785575338325127,0.034674795918175266,-0.02055863097662895,-0.04187073753641535,-0.0017493023471835197,-0.006104552620516325,-0.04650131011253196,-0.008472903027300855,-0.0109021863495186,0.529759099616538
0.06493226228832255,0.029748020754384246,-0.04764304303466613,-0.034323788047009064,-0.10381953762373576,0.16014300578421742,0.004716638039484218,-0.01822445600591807,0.08579001011273604,-0.36850228865584306,0.012789042495592701,-0.019394589825244977,0.03333660310333246,-0.007606056052901484,-0.00044887903514162497,-0.06481325235396235,0.008322602536532607,0.021644159660744823,-0.034457338067378274,-0.01369908378291605,0.029653032204584366,-0.009724904651529778,-0.05749611748031166,-0.10909579526397033,-0.011160739016483416,0.03553835007576272,-0.021616858133553653,-0.0458233998815043,-0.016715360113218683,-0.010193568231085658,0.027224399014093112,-0.04010596667718936,-0.0008018731278621077,0.08079833931529642,-0.029251106158611536,0.03049694192082825,0.09053020889311676,0.1002934106514064,-0.004217010256627532,0.03429705792915977,-0.03457071542612246,0.01552181620434224,-0.0575034497435129,-0.0480105586705894,0.037890986049347944,-0.010767311935391207,-0.009352477231899834,0.03711557465979292,0.06992469396430373,-0.04787364698728596,-0.021250275602078712,-0.026358382418181312,0.016588742480627465,0.008269837901512388,0.05058018549411065,-0.0391184964689572,0.005441692259571561,0.00834716154484918,0.012028529931266485,0.02665040130622832,0.03661150733344229,-0.04351850050013784,0.4801081100796007,0.03858529033075961,-0.0494551838771485,0.13093837633484265,-0.040520086180661274,0.01760636616880892,0.017639451180085277,-0.060995907105153555,0.01297895678003608,-0.0664803999191444,-0.04494444388959387,-0.02190503981221793,-0.32557566447461506,0.024744920351761058,0.002258733770226365,0.027121316155820606,0.11228398378745001,-0.036811952207934234,-0.04562541571261423,0.022649879652499646,-0.0405045043968977,0.014058524053369102,0.02419628610720033,0.034082743420391255,0.017115529895867947,0.09844740935985227,-0.00420509656026443,-0.03704824053656329,0.534189607456346
-0.06760780740032579,-0.02371438520028019,0.009949552289459923,0.03411796111686522,0.015488077714347044,-0.02001323560110032,-0.0014360052060496775,0.012606787056670505,-0.013669525204663796,-0.8008671457218526,-0.0001693359638635064,0.015467533817825722,-0.026573006683679703,-0.020480241650127285,4.3070125411402704e-05,0.018946451949285556,-0.0027515558608209333,-0.01706723391547382,0.03366862739081916,0.016759704943618305,-0.017504252619056318,-0.000849252615900623,0.01880084495203229,0.038679545749309055,-0.014072048072150633,-0.019223831090390997,0.00572724428728486,0.030173857135902305,0.016744129971046556,0.03431622702456774,0.0004145913108483282,0.041424138235676165,0.06470457464849949,-0.02072674719397465,0.02065577774578715,-0.005014577688397011,-0.010081940833380239,-0.038016991833373176,-0.018895643483618062,0.012124004858078673,0.019867868612898514,-0.01506255504577766,0.028343714729351037,-0.001168930078730126,-0.020575540477879017,0.007544409222954585,-0.01895123456014543,-0.006832189699460238,-0.011199742165675828,0.0010304341263089186,0.02256879821828544,0.026359115820071447,-0.012785025475765453,-0.0001221224830625684,0.01900558214707655,0.023177070569736086,0.010343743519860487,-0.020013723944405898,-0.01363145587611545,-0.0392399459157236,-0.030478562341163883,0.053474466863666956,-0.058582529136151626,0.008436716636439235,0.03500254492927623,-0.030458953205064313,-0.013326189987147345,-0.004019906575698691,-0.009552079226550896,-0.0013239851648726925,-0.021308047443519062,-0.010192703937687772,0.03249095542710394,-0.002203907841062107,0.03455734166720699,-0.008839815279588832,-0.013290818166956164,-0.03137678257686772,-0.05448009874734939,-0.004742591101397966,0.01755910312720764,-0.009221278542810171,0.028431847608153128,-0.03274692223827973,-0.01096698617367717,-0.007937117421267095,-0.0008026672801580953,-0.061698140552638954,-0.01969054497201261,0.04030697426335621,0.534455321340067
0.025186454965859206,-0.024474882998367777,0.016869712845847228,-0.0189383726963014,0.009678411917802415,0.01746458160156553,0.027734203770231905,0.020044044562689153,0.0081280982853101,-0.08793056941905934,-0.01622749051048861,0.0482103320032597,0.006646798077097296,-0.0327773990651527,0.028801133722142082,-0.015105505567275343,-0.029447586204505646,0.036256360414802076,0.008988147687989745,0.0032602551076374425,0.009098998458819901,0.03117058584739868,-0.021312279923541667,-0.0030835884935629175,-0.020475002210187974,0.0253596575315399,-0.027753520766404884,0.04546890422339211,-0.0514136174374656,0.0008296232775976964,-0.015277819442095773,-0.003778661679958166,0.8226169814857928,-0.005201218822254632,-0.01179876369814573,-0.014980918272319522,-0.00024023220679270492,0.00823317562053688,0.022968946402187204,-0.015817936192204597,-0.00767625993803364,-0.0071784037201210495,-0.03155089279867645,0.0081881626594976,0.05261433221093139,-0.034737621662789694,0.023044885507203607,0.013486310785517888,0.008541073415441454,-0.018394868544780722,-0.009111385876761014,-0.0011864276224597787,-0.01071271247891679,0.009548362209139188,-0.005484187281042758,-0.004896940397868165,0.00996241826251165,-0.004300591665405254,-0.007136882257412001,-0.0035883690452694975,0.008356635189412306,-0.009503251384996938,0.058243837019885315,-0.02217348384473808,0.01452988083911451,0.00013974832264610106,0.03182547189355382,-0.03652975254052504,0.004297543348004478,-0.01608678746387503,-0.019763819140740154,-0.03057011881744929,-0.013492781093139016,0.002353849466936338,0.06003514637107085,-0.005641119538504696,-0.00745840207282832,0.004347358488933764,0.010577432006548822,-0.006617341926682291,0.02970825240125376,0.023643013409832204,0.024326549952861726,0.02480938850609754,-0.01995812533331129,-0.023063307763141975,-0.005619454102496648,0.007448225465409658,0.01469615701819558,-0.022632016078457662,0.544477095149109
-0.030419393133154175,0.040886231960550426,-0.032632281410376746,-0.04161304562586053,-0.0252413897131599,-0.016377210219743026,-0.019680319389544027,-0.024219465675196068,-0.024963795019883283,-0.0038412105071256313,0.07897608074588919,-0.021081965554831848,-0.05331951364415716,0.014918584761981803,-0.01980044637695562,0.04375765005893104,0.03250879104050176,-0.0014067065782923606,0.021408334762226894,-0.013153651670389819,-0.00989151245153833,-0.025531346277183346,0.020762587391278252,0.04141284932985975,0.0109069956189143,-0.02635590429401509,0.00780093344547349,-0.08406541695362085,-0.038624923460464394,0.04423580133610555,0.07134052214653001,-0.016006138132243945,0.20053507663205852,-0.09538654691080518,-0.018058706031829404,0.08498386098886966,-0.002216147335032959,-0.537405830847463,0.056276443287730474,0.014353736660318693,0.06708880368675706,-0.06985483052839504,-0.02599000236440847,-0.007247285339858509,-0.04935967136711388,-0.010339182953664117,-0.03138590910126924,-0.016827171341511436,-0.22039712783528076,0.044309579653102886,0.0029698069620939745,0.06617699610921303,0.002161670463429254,0.052019514247764964,-0.029631349880830684,-0.05073021308289259,-0.005453302765579915,-0.05750637813924567,-0.11192070347194666,-0.012594334817474165,-0.061246154630925496,0.000723540531769951,-0.07538040434460397,-0.007000030553283802,0.05176282557445022,-0.07508448472450961,0.01391588360039883,-0.05335927952793748,0.04087672746722485,0.017126373008308684,-0.030847535201269306,-0.005755772458044999,0.03392496301548646,-0.035248877408367546,0.019301755815625585,-0.029307829078899315,0.0073724244229633334,-0.02891629679376167,0.018227488644217922,-0.015924995801789035,-0.020318878491465034,0.040900132043600324,-0.030665801388986894,-0.07635566821230162,0.13795240603795902,-0.3798883729906421,0.04988597795117194,-0.04807419694032597,-0.05010688421161789,-0.03280147150441101,0.546500557798012
-0.026436631936005445,0.053875346817644054,-0.01989723769105133,0.013255280017691187,-0.034918922004597515,-0.007551377726402483,0.04585910418754127,0.02314496410456829,0.04706000246841821,0.1364650178800746,0.012306197783173628,0.012265337759431172,0.008967650213780586,-0.006233194443460328,-0.05015467403985159,-0.05441186848343127,-0.08210146244683506,-0.02132412517046191,-0.0027979551286777386,-0.055307313430931024,0.051526667457340414,-0.019449788115108117,-0.033367995433452764,0.05480706648062696,-0.015772231438321124,0.06607956352752226,0.01706147329660041,-0.047735423497250545,0.07993454433175266,-0.0028950388029615956,0.058158137434474566,0.07268574972403186,0.1533974177726996,0.19216478390494032,-0.032528495601848444,-0.00045779054639435193,-0.018298164131855837,0.07840602586660424,-0.01443506585951462,0.0412809585881744,-0.0220784947208877,0.030397338358737237,0.07169324635765308,-0.09809161913133833,-0.028686514700923704,0.05934429053053765,-0.039123675970763966,0.040354316485818234,0.1489754264671139,-0.045238243490519824,0.012062862331590676,-0.09611757992815188,-0.019633516275871225,-0.010364374576764307,0.06272985785803835,0.006227443175846452,0.12803731994980005,0.04720723474866549,0.05590568970355756,0.296088434996434,-0.019293836567006797,0.06966706752119016,-0.06472973000423277,0.0927654776098698,-0.03115013905859683,0.040595381088163664,-0.16251442196454538,0.1430862678218886,0.021665727999237137,0.061377873034118034,0.07584012644147713,0.08911434962612355,0.081354376136859,-0.0035380421931415196,-0.08248880312350673,-0.035432949928052994,0.04027441716575442,0.017658252152119913,0.03666173066156993,-0.02072985931278437,-0.06450077465584447,-0.02839132039365374,0.011999547491710727,0.03577388608041564,0.018510635878634017,-0.5287639529534297,-0.04724882182339783,0.03875522560082106,0.0067544818094625965,0.046234802778387346,0.546906061556206
0.022803905074511,-0.09069985492856632,0.0274623658004172,-0.0002591017366757635,0.015628084016076446,0.03628310659135783,-0.007517813401872419,0.02389370461462358,-0.0197877540260745,-0.06648556879839086,-0.04066307619495371,0.004312629251684073,0.0245988172776267,-0.024049761616699052,0.07836276024659544,-0.014531259604008447,0.011759481643617339,0.02559983755282208,0.011581828586678035,0.019798905412143596,-0.016252178166693998,0.048253873902737984,0.003963559879113984,-0.04632004251117235,-0.0369610947531059,-0.011089997559698642,-0.06504425373727869,0.0648646703554608,-0.046937005731800534,-0.003872520103970517,-0.06051526219916439,-0.024999127814673294,-0.32691756430447927,-0.016700786768789718,0.003596923272885722,-0.05415780215154134,0.02910963057747096,0.021554612316483184,0.009081511420469276,-0.01802983718833092,0.005407557177077576,0.002934178624979361,-0.05090524485198999,0.05436954918907608,0.06917779619527452,-0.06304949210781909,0.029792093044857196,0.008120753368303138,0.0003396075246886533,0.00183839974478374,-0.001588541918504482,0.025529783620225115,-0.0023312603123776805,-0.005377636519256744,-0.002531529684726048,0.015010895707558732,-0.051823688854748466,-0.02170623406840719,0.0006975602123004782,-0.13413968674134558,0.023234493426195633,-0.03881356172627052,0.10351958281691044,-0.02969005180490086,0.018194641628298026,-0.0006946672602027151,0.048036784754278326,-0.055414914812876165,-0.030349944344948112,-0.09266801558456998,-0.06547343367933475,-0.08899806314498124,-0.06631401961107501,0.019301350270560062,0.06006086456250351,0.034312817285975745,-0.04910236219535392,-0.001823112100782069,-0.02678122297864744,0.0025796003349557854,0.11057616891756923,0.01886781343178033,0.027838521281370657,0.012431220937241473,-0.0508002191767728,-0.6745002652387937,0.04323398031253497,-0.02498371022346202,0.021659844308437627,-0.04117860795795775,0.548128563056577
-0.023379577675022866,0.001373968012777135,-0.03242758929651641,-0.044060276135567004,-0.021662711011924834,-0.009456809237512393,0.0012127586591565744,-0.011567326709128927,0.0016370488094565579,0.009123175073119971,0.04138527065270636,0.021933657127925207,-0.04794846827864662,-0.0058344127050130624,-0.01369466617001876,0.03411168079557174,0.024761987704272764,0.01670226367243988,0.04066264590384573,0.009579808786731713,-0.024934025037982723,0.0066767922142135176,0.011974992371693057,0.02642463809167266,0.013267930953404035,-0.0148947842660098,0.03078385131370844,-0.030676421061390215,-0.0747550538468053,0.044763421528130336,0.04582871645867742,-0.004651583736502029,0.06651390739468385,-0.08596153625881434,-0.0011115398738640678,0.05258312032819846,-0.010941098959138825,0.7664997523759058,0.0368974004043494,-0.002336359352739033,0.050024140009868955,-0.06319709898815094,-0.03101280418214954,-0.005059604002267014,-0.03364126386057264,0.002903325121643375,-0.013097224683338621,-0.01174447721739521,-0.11321428034999498,0.05205505835358692,0.007087556142917964,0.062138908836379035,-0.002029205397195991,0.04959444040421005,-0.025675848406862663,-0.046444738950805,0.01007890489832462,-0.044390313878597265,-0.08432474789164528,-0.0014631034540862394,-0.027204754662000268,0.011247630631814024,-0.02176152013215868,-0.019774572824371697,0.04269508425149842,-0.04628541505701317,0.012390682774398303,-0.047756773010221826,0.014008856052888067,0.02586527421435667,-0.029151926959121718,-0.0031684842456703123,0.01766883846291745,-0.04346786609154015,0.04241235942016673,-0.02880673742455162,0.006422919343377758,-0.03222041359557556,-0.007333453230132839,-0.015002428341259583,-0.0156923198924624,0.027792386190749734,-0.0032708476602582217,-0.0716653622322079,0.06592979960725036,-0.19301330282330184,0.018815145502895158,-0.03509435590977639,-0.0779412560805346,-0.012198434434115502,0.557498736550163
0.01464847069583229,-0.052447108026248586,-0.05706494974111348,0.0377774564350649,-0.014356118382306188,-0.01939743523659757,0.04138753156364256,-0.2583133611974535,0.03526867115280976,0.027322627446915458,0.05536407815097745,0.022161867495259873,-2.751261119122262e-05,-0.03937738818675176,0.03008516149778753,-0.047302906720894336,-0.045466189090213244,0.02091864324435165,0.00952323152285717,-0.006242811371196671,0.06087932939422195,0.0851343888098722,-0.05139498894357921,0.004938897878974644,-0.009973832512157723,0.007564234984327633,0.015403599595893464,-0.01676949177862633,0.11319293277288617,-0.023650661830920926,-0.06347350920458804,0.04040877362458062,0.003279796506342107,-0.2098802730755843,-0.03657916465606876,0.0532104334992699,0.024402004352224393,0.12728286286569138,-0.03352271995428929,0.07521684412561931,-0.019246508633685988,0.04176657127880436,-0.0013660509052725244,-0.0020222118054007234,0.14243399812882207,-0.10996076672914153,-0.017701186188858763,0.060898292201112876,-0.5982395019826999,-0.10284189402805773,0.053552961585827466,-0.01383460463874091,-0.014086136946657042,-0.0621260247727183,0.06871907978184892,-0.005925817298562984,-0.03196560824664149,0.0032231837021371606,-0.03331882287426232,0.001793293733271738,0.09182681522637348,-0.027307370330697637,-0.03983830578355483,0.022258246189441017,-0.009345012135565016,-0.024266151800331957,0.03550374911305684,-0.04871068954116005,0.011468981821824487,-0.13622597404486025,-0.02448442998736378,0.012965253924815979,-0.027356603619020745,-0.04334815424995875,-0.0028460838345813477,-0.0011629558009684782,-0.08044295069957891,-0.03041477370646572,0.09664524645452277,-0.047072326717940455,0.027440367829209385,-0.01585306837770302,-0.01108319752537776,0.0035655587293485303,-0.10153709883382617,0.005375865022087405,-0.026740157679718556,0.014914466984153477,0.022256334063640783,-0.00473121468663662,0.568699287663014
-0.03635266758186722,0.020022141642926792,0.012264501148919409,-0.012469537570131379,-0.014782230241524601,0.010326058283306641,-0.0037710960199943645,-0.8227354603261732,-0.011359347338824984,0.014367899891635385,0.007516720817979847,-0.07786415854324391,-0.010108358279750266,-0.024338103664611713,0.007910227741518047,-0.0016176656362389412,0.00939579108550498,-0.007306761052985571,0.0014647446275367088,-0.01841635850970809,0.04156997113609894,-0.029431325783021774,0.004786882443693836,0.036243808839012986,-0.018710579195865832,0.015426837882295283,-0.03174817503726132,0.026055821466200065,0.030453327331480196,0.03233866029949138,0.04881156038555013,-0.0010347808859844118,-0.0009975526887312685,-0.02627861555092482,-0.01613436454952688,-0.05302061367319204,0.027380382174672036,-0.002535955893476233,0.006002014273537454,0.012741842338744697,-0.006301308900338276,-0.040961014958485344,0.0201464350375468,-0.014820804169367334,-0.04649511596422373,0.026454800875564247,-0.029682381821764203,0.016763035123228295,0.017853175859787677,-0.012763030313119195,0.0002619909386761836,0.03675218258751498,-0.011236998217485642,0.0344185290050893,0.03392496039818802,-0.023667622895383777,-0.0033151077297512237,-0.0013151761110702085,0.012454120738711525,0.036996608370224476,-0.08447920986784707,0.060760596382542116,-0.004836764583020963,0.01656759478086592,0.0310158052681339,-0.020258200665090705,-0.05597598631374176,0.02309833786335953,0.02891406868704532,0.04863965885228749,-0.00041469580585218514,-0.0010442273797739846,0.06721999559648442,0.022976868438046624,0.016124383859076483,-0.010307697175079615,0.004726148138806056,0.007340776224076509,-0.0005075770954630711,0.004738476789584111,0.04108993333458378,0.013742236695911627,0.012701068548776251,0.003485952117458044,0.043278913358916815,0.04547473319617266,0.05413043331239732,-0.0027871419997732762,0.0014039784030417523,0.0008918533071058943,0.574693256287266
0.006305736541133455,-0.004994230910927047,0.005960160715103242,-0.02381297210649211,-0.008422862087650215,0.028936823990180452,0.0009638747653466968,-0.020985678349400037,-0.0003766233126367608,-0.011593156940808962,-0.018034349480912686,0.04493340279479175,-0.004957857025391922,-0.005601784468050285,0.010836140959065932,-0.011711957922771021,-0.0035038782766909395,0.014752292395017706,0.0082284414624061,-0.003534045475719223,-0.03839719061044058,-0.0023309895627913247,0.005584810732694821,-0.011614035793825504,-0.01347584364567277,0.010277985355472273,-0.010522987446976493,-0.0026604457211984556,0.9002067805082681,0.017425724745775133,0.017012369979449767,-0.002552050793810071,-0.0360661342706424,-0.01347663118546661,0.0010510215001908096,0.012726577144668728,-0.011628420697553255,-0.03170157682260108,0.042464232498739894,-0.011164754882838267,0.030839459098738153,0.0013639056283086125,-0.039139063602157666,-0.01526276340900087,-0.0018229357313337413,0.007239227321233456,0.0017757595490094738,-0.013418937756847748,0.013922631316282926,0.02750853363481075,-0.01653864222464473,0.0039013396872581165,-0.0027306239965690774,0.023005957026605694,-0.024189442018249328,-0.004540253236928843,0.033416413121016876,-0.019269755559652033,-0.0011406079275554713,0.0015089364454486318,-0.010437132946930055,0.007592429139933086,0.03675333489632759,0.003392617000911114,0.003803409114142555,0.025225871143596222,-0.013923815616105327,0.0015049769649682126,0.001984741398944056,-0.002581908682679923,-0.00903188695712121,-0.02815822152114473,-0.009936889499851248,-0.00435979528235632,0.016935458151247175,-0.015589470908350195,0.02440470359824418,-0.0033806430259232497,-0.0039251816884712425,0.003351199199098226,-0.01842920985285444,0.013228970327256563,0.025206240291863982,-0.010544110093517666,0.037257155070467673,0.018021225806887448,0.012197735314076787,-0.020785612113002325,-0.026250762776179486,-0.012712865898990872,0.577073416477167
-0.005870379046979883,-0.05681744797596136,-0.06801967035467922,0.008161474642232764,-0.011583712131217292,-0.058374038434299655,0.03303258447077695,-0.1406949386712343,0.023600406401877366,0.015428179867399366,0.09596250720987778,-0.0014749148457390692,-0.03991025536155339,-0.024211963953752948,0.01594084901657011,0.0024928016920034105,-0.02735550715477727,0.02358530451897901,0.039767606913785905,0.0011335996928537111,0.0505733548022478,0.10541817016508423,-0.013924734087180344,0.03205959246463214,-0.014940171092561419,-0.02851921202803988,0.005322584359712553,-0.024293727720785654,0.11114223935536163,-0.021218900397508525,-0.026163444618452894,0.026400558873956537,0.02625059410887277,-0.2848907211409304,-0.043234850362333425,0.06457658131855994,0.001969958686622626,0.022886531428277516,-0.020790014622255385,0.057583021666130385,0.021779849946394425,-0.015991078331346897,0.002618860686103813,0.022216645722304616,0.08682525406386751,-0.13198258383104552,0.007590326506879914,0.06263049140778669,0.6749499322900494,-0.021140130904278135,0.06907292844905877,0.02263208610397299,-0.029887281176030372,-0.01886228475878894,0.0443871266629193,0.00205331646096482,-0.048456128179275595,-0.014854565738764237,-0.08370894310459444,-0.023246689579775187,0.05106511878857304,-0.04190115057057672,-0.08210813561540724,-0.0163761631581898,0.025446689327053032,-0.11315422094956358,0.0553857819557823,-0.08349221528275845,-0.007497113765982191,-0.07801065970939752,-0.05749427064627411,0.01879278477428734,-0.0043111235445253745,-0.07350165877727767,0.021686808685240325,-0.0014322437295787118,-0.08283294460745318,-0.03885107948139254,0.03484432336903351,-0.03498992964483429,0.04895721637131144,0.005890071522324378,-0.03258161625912811,-0.014871945524329428,-0.0477667990498862,-0.020027122831105578,-0.008140990802803312,-0.006551368727924819,0.003933481898625128,-0.040969768276466895,0.579379359741022
-0.04073222954459588,-0.01926675112405127,-0.006700800705278215,-0.00416008295879298,-0.03921510494992595,0.051686485845074286,-0.006668955837216666,0.35195757349606394,-0.01562291756234867,0.06996497855334269,0.026753764019059607,-0.21139557986607682,-0.0006015186023113176,-0.04860286674621506,0.01472718101387717,-0.04708503476382837,0.03498956280422702,-0.012896671571548668,0.004849755897812448,-0.023486527577200454,0.05003906393698037,-0.018776387279923062,-0.015713297085521227,0.05304536483690006,-0.012379425331601,0.05802123757041994,-0.03074489324770159,0.02761286866481914,0.06636799835375991,0.06346251370289968,0.020223945762412612,0.0003317369952343126,0.041498325985965034,-0.6480084151035462,-0.017708775252168445,-0.10441060677827202,0.11096988835771393,0.04085601561287145,-0.0033934840147459796,0.043399345749240405,-0.01610327292602174,-0.010770092866636492,-0.004622816407534424,-0.03139915556882982,-0.04074915879613584,0.03835441027045837,-0.06106535517458103,0.04873288456443798,0.005323141806169545,-0.05115477622906383,-0.011548874726386233,0.05583927026134099,0.006924290917069669,0.03626666644461906,0.08271819681359917,-0.06824973509043712,-0.03181786321655773,-0.005180299405272014,0.02480299529923055,0.04193782496582345,-0.08376117788020522,0.08278256936519501,0.007616710470331077,0.061781280510773084,0.030833928903647948,-0.0011193420941911828,-0.06817505496123108,0.007068193087582513,0.07659074167243236,0.02323051198642166,0.005581435055532229,-0.030770960283606364,0.06752731704639987,0.02984636258194461,0.0038815432658219177,-0.007920996249935554,-0.0015399742748236477,-0.001063569630083795,0.05832662449051249,-0.038607544695119206,0.10897435088607889,0.0092576601953873,0.01851091579820054,-0.025648337448231178,0.024633378460660722,0.05211792082671802,0.08190833470042376,-0.017000037315335087,-0.009223286655296347,0.03309833264275394,0.587232694268059
0.02931645033659151,0.026558891588145728,-0.0023336217795734008,-0.009034483830321224,-0.022576285792524277,-0.01336383749405174,0.04093079212098547,-0.03449786493825502,0.05271745656637012,-6.68280430325607e-05,-0.02249739572024964,-0.8413281379171653,-0.01773803311434096,-0.02135349753010697,0.008353466238446065,-0.002223740956612531,-0.0576886267080649,0.048474643256897744,0.014297046151404503,0.0042880388796305915,-0.009257615012790819,-0.0033099119319353353,-0.014724576651748004,-0.025362431978601174,-0.00311893717724678,0.009988360458000993,0.008332845236451806,-0.02108540352388348,-0.08712925018088133,0.025856623377261294,0.023162660277256122,0.039945183440412,-0.05612389918846891,-0.01035309959375193,0.0025331516856939838,0.06034787743190689,-0.03578029515692254,-0.06543380337641676,0.01171614301732984,0.012754925122184119,0.013164720096295011,-0.0102327556682135,-0.02558549185704824,0.01111633905624472,0.03362824047393563,-0.029026189705701748,0.0012352289226699562,-0.00932033963916245,0.008273963463783979,-0.025103114805618935,0.028473980823404615,-0.033682842836457214,-0.006209162729990172,-0.028617533505201253,-0.005484515573749875,0.0015603924071693122,0.0578957720712432,-0.0020170903958407634,-0.03036215906505636,0.012304502810890978,0.016968816969640584,-0.011202837799576152,0.036377210400351155,-0.0030449794273984658,0.005786774818321119,0.008437118756944442,-0.00503181125491497,-0.006600687721501004,-0.017843087367236197,-0.03916816047406879,-0.01879842568507212,0.00630125332835507,-0.029736610483827766,-0.054345147067570966,0.011846354732930794,-0.03462811309468472,-0.011844704871947546,-0.007746134435528331,-0.013739299576725993,-0.011723479091930403,-0.04535436265105986,0.010897706439933864,0.012198780581071713,-0.0004649285747834707,0.005660198985386891,0.0061831438527826,-0.026683437857827834,0.021089748637108018,-0.018181105154134042,0.03531492013776875,0.58971577422297
-0.029136102420831544,-0.012873955092486084,-0.005565009926617576,-0.029988257953874286,-0.0017980621085209884,0.01401929600990603,0.016569763344922477,0.012557015825059099,-0.008657727118615864,-0.012717648484110788,0.017100122464545484,-0.052111938101848464,-0.002432346993432905,-0.0017362295856918253,0.009919031540667101,-0.011756562952165624,-0.001860249885931507,-0.014379028567051767,0.011563536073011709,-0.01863663937540294,0.008146569674541176,0.025467707505484785,-0.005251965899818258,0.010517437704804924,-0.023978412034206788,-0.038359870620094945,-0.03118142550010048,0.0011400657246156529,-0.008346359574267628,-0.0370362205689613,0.016920123368846157,-0.013861194292898983,-0.020503203732655143,0.0381618623269969,-0.010207169291498269,0.004373056334531702,0.01337077602358531,0.015100818747484354,0.025431240930557306,-0.012667080171021238,-0.004607145254285533,-0.011854695146898868,0.013346350869603134,-0.04522364956515166,-0.00941527468936039,-0.00948583860275256,0.01003436263559174,0.014289961887246681,-0.016718174679311294,0.016098620800943698,0.000682022880362765,0.021892309842108208,-0.022070414024134042,0.01624757053092514,-0.00276809580996235,0.0015194958886214558,-0.00012268717463450771,-0.008386678863471424,0.0007169012633700159,-0.00045906842733993425,-0.019574774956352643,0.0018614359153682075,0.00012611005976334133,0.012320465455235467,0.010226233331401496,-0.010809403121212749,-0.01758044008225896,0.002269194678289435,-0.015523513408658294,0.02809351713733247,-0.02767609016971471,-0.00357510577931931,0.028973430557859583,0.042180878985388484,0.02439215950142351,0.025105062460336544,-0.019584148559107936,-0.019326937523226846,-0.005654785350307725,0.012813722822599084,0.001537963551449035,0.0066908353467421255,0.023990305041735004,0.0012353025944753012,0.004604652007291561,0.020175917045696077,0.013549587967390546,-0.023968933724960284,-0.009646042456434896,0.8828344185397192,0.590511993781789
-0.004045139452629291,-0.08538299644652825,-0.05717220548449023,0.03995858869096068,-0.025198486798870993,0.009804500768758743,-0.015051952409173818,0.12047467660257341,-0.006419505875025342,0.10754100705283003,0.1377953912991711,-0.1414820172080266,-0.03097666618738756,-0.08417340150194838,0.06014979534152703,-0.01706606613300736,0.08035567727640741,0.040281438387326465,0.04758331739498353,0.013072164046338475,0.08217532315344578,0.025428743953856654,-0.01778372647380655,0.05450471822933955,0.0017867464992284193,0.059449810360876904,0.028226339768023006,0.0563642555909826,0.12095621175269747,0.09034776207534667,-0.0402208284183329,0.027332782643421635,0.07133621033925644,0.5243226325339526,-0.0053424499857478444,-0.08245142055749695,0.11894906562730816,0.023978891757712867,-0.067434293450728,0.10378452401222613,0.014912132785813043,-0.023684594277204856,-0.03966908686242598,0.03800959518038764,0.019796888601629155,-0.03419517211450854,-0.06723828130636275,0.08477423740439614,0.017866676720987875,-0.06465951223629011,0.028940347772621326,0.15795369759895264,0.01572054892102362,0.015345623019324508,0.16002905931989664,-0.0624969628107742,-0.2538240786848672,-0.011314161501137551,-0.012797021197826892,-0.014175218807070377,-0.009709872321106428,0.055642105296561516,-0.01288209704141453,0.030464676946036252,0.06324772091912308,-0.04135377397331303,0.013989294372683616,-0.07577381809925182,0.09878835910399171,-0.051910596127926104,-0.023976918737344734,-0.04172337341530804,0.01833218136281716,-0.043411204245076426,0.03160458345978312,-0.02641108862902657,-0.04031256929158451,-0.037280415870315,0.11340452763473059,-0.07125597426463155,0.2164974896616514,0.007913479891576126,-0.022960517516856238,-0.08482903883578817,-0.014684616723148367,0.05958755935390511,0.08536527723526356,-0.0011855510076266237,-0.03371976372065157,0.10575172538919357,0.593357192171812
-0.009799142921814559,0.029216392434467327,0.0027897969989469193,-0.032606846209078354,-0.020635038690799846,-0.005354727661972196,0.020727669789623863,-0.013299772654486761,0.014011179245392141,0.0003042232480763247,-0.04768522020261303,0.06014671746920636,-0.021426916955690323,0.0021521644445895425,-0.05298877101082723,-0.0013292587879204078,-0.05724667643116579,-0.00856971028501675,-0.0011099328244374759,-0.012386545973547483,-0.032518781674088296,0.004192487088768848,0.013684151253631463,0.002703518397038266,-0.009159382251148197,0.007868620424911056,-0.028052371723659163,-0.026764038976559334,-0.04508346194324142,0.007900713586141951,0.029871599207579723,0.017493246177932326,-0.030972566809934966,-0.019159347301624573,-0.01017730399274146,0.05215907545650807,-0.02464127012907167,-0.01936251954680061,0.027482154206929333,-0.004276888838908774,0.012291193183118308,-0.003635153055167966,-0.012024376595661832,-0.04289142867369793,-0.005687604393250117,0.018530140971996192,0.004453571238456903,-0.01848684199451038,0.005366646228542156,-0.005259513356515855,-0.008580166215673871,-0.040865125679189804,-0.006448093215352904,0.01352305121733601,-0.019632190458960523,-0.012378237414122589,-0.8724303683803973,-0.01928278891616892,-0.02307899392690638,0.01875759671465621,-0.01897890561664413,0.002177918721279888,0.003508734180788139,0.0006763392116577179,0.0032362937752881504,0.0018596033767489962,-0.015321073858139404,-0.0009350242404997374,-0.00898520423921164,0.015435321047862643,-0.0030925905581036263,-0.005738043500354105,0.019969874817987468,-0.005342591400243072,-0.005244723569685784,-0.03436342469565354,0.025209176377284957,0.014639695973114658,0.0017705166576874635,-0.011860387257074312,-0.045384202987042516,0.007584168198265064,0.01481461224643526,0.023991010932392073,0.021279747233050855,-0.004021631553562745,-0.00666625080313183,-0.024118504248195047,0.007032869291682886,-0.0008470580027147498,0.609279746128729
-0.00921516153714715,-0.02312724935231993,-0.002702784483539564,0.008120342959574898,-0.01484997076233944,0.0174204971623903,-0.005602198082263443,0.007353621869119012,0.007056155450456291,0.005161781422857283,-0.011713966045849749,0.007006649593430613,0.0030297216822437307,-0.010939659012454335,-0.9373205758746722,-0.02246581436824822,0.006742418018381994,0.00885795436316209,0.006000282957556509,-0.0025880571574680156,0.01827411941977912,0.012049121069677394,-0.006473787713291168,-0.008162823075580092,-0.006434100835179631,-0.0012560316612781946,-0.01167757343873783,0.010414485822689664,-0.009643504432199624,0.010858979636765187,0.003884948043113764,-0.015202928212622351,-0.007613032595022457,-0.004449452164064307,-0.002242957117211144,-0.017998548121069487,0.0040379541231774585,0.0020968136981853744,0.003692200165244674,0.008757375396792088,0.01573320357966705,0.01213184074429555,0.0033691854002480936,0.01959160664589645,0.027370727738311812,-0.0221748593532412,0.013329885063992469,0.0019491214587086922,0.004715966521476323,0.006771228448085316,0.0073543684204173485,0.02067973246293107,-0.002152950009755775,0.0008367052546616905,0.008194542538022797,0.005579427741953102,-0.03248854585033855,-0.01606133558174685,-0.0060928890684617595,0.006567398883542656,0.01069786268660376,0.005762980215958849,0.02441117750440814,0.008400669218549131,-0.001383617842670428,-0.009995878982244584,-0.01671678343147647,0.006032326200947811,0.001290806204736947,-0.024808509020098832,-0.009530532472273218,-0.009901130886604654,-0.010208052690482822,-0.02573304535204329,0.018080605152244883,0.021150829689110317,-0.016405217489978828,-0.0206092395150617,-0.012268549801390461,-0.002959668872615151,0.029818613199506683,0.009979088665320197,0.00707878183501377,-0.011205546607106705,-0.000832937280405827,0.010418025191455736,0.015773928163576215,0.002551614092223872,0.0020773305365482287,-0.013468754716758489,0.615559214210189
0.0036192729398836603,0.00577299879362841,0.011455743518997114,-0.0024574514440497204,0.022865794060087805,-0.00925717358953194,0.02118919511801774,0.0069222078236715655,-0.02135538091137362,-0.023708745123696848,-0.8728040691387068,-0.046333576064148174,0.012991529652020477,0.013898515779041939,-0.003694921578541283,0.005160534977418077,0.00838701428600787,0.007165917938873362,0.009670333049333436,-0.020646264913516305,0.04101803680574413,-0.02177982515535734,-0.0401786151920133,0.051810257936068596,-0.022582382645688317,0.009245430769772021,0.009649012387485001,-0.03328723243976745,0.02290554169799749,-0.016915088262865516,-0.007894777850852935,0.021993540796366205,0.0030237125629744748,0.0053752023765440676,-0.02721870239364648,-0.03235947856085115,0.01753879255085576,0.02487077487367445,0.06351899738899906,-0.009393062487422128,-0.01895808500552148,-0.020328675170016533,0.015918540695331978,0.016545049877315775,-0.015099674427918056,-0.020595580074211032,-0.04075879299686354,0.028656034012310837,-0.0031164232026789224,-0.004318394550236826,0.010424956300865665,0.00022642272405576147,-0.01825109220326712,-0.0018772596134931988,-0.007424841482048698,0.005166439371699177,-0.062433244121538535,0.019309419442627904,0.005889845129344388,0.002978108946126108,-0.03154213562320789,-0.0045616406123051055,-0.06524522993498263,0.025546632326334154,0.01803266365247606,0.0033398243124012745,-0.0062512410236261265,0.007457107485662532,0.015457706959419955,0.004471047945237098,-0.0045794093398937976,0.027651190797470443,0.013388438189791076,0.033942470351681825,0.009607264640758825,-0.004247705504323627,-0.005282137499301269,0.0039658880991955674,0.027760301742232974,0.007109462953041019,0.028718946861365294,0.016184468008075648,0.000322503446303703,-0.011168562275781868,0.021996067942671296,0.003820539562217175,-0.027882059440708058,0.015664988571565185,-0.009981615094916433,-0.03325818092558663,0.622556992358598
-0.020069250423667483,-0.03429299305916561,-0.09307731964029625,-0.010863066722362088,-0.08326709997471783,0.009576520442762587,0.00028393120871888757,0.0046547862894112235,0.06642112524268137,0.1561693448795821,-0.3541196077993534,0.14582409414393524,-0.07855075078498419,-0.10711664334462977,-0.010909169059747297,-0.006271897803999018,-0.03369355369958665,0.02398349326336773,0.02302958936291728,0.04572298207836006,-0.04637188656348185,0.09525790605804167,0.08037705794710523,-0.10199276458779519,0.030565476358741992,0.004986002966798512,0.010827845171674651,0.07633311093640115,-0.024655285262144964,0.07767513760165497,0.03557087919481035,0.010990722271530709,0.01300945289499615,-0.018591871520378726,0.03183713200038033,0.11995451394177312,-0.013016710067438951,-0.09921704998821368,-0.43375851092803386,0.08906776001450697,0.05332647316340624,-0.014957674012211604,-0.056333891641347,-0.06454002209845258,0.04047454228550755,0.020163215332074318,0.02796983463088555,-0.013303816699674679,-0.00758717913633334,-0.020506120184251526,0.023584962845250777,0.03311516587541688,0.0048085535428913665,0.034819315829378444,0.12608257526147457,-0.049944813495947434,0.17379540830765788,-0.080003020886333,-0.0608443742610995,-0.02518466926544454,0.056772262400581204,0.04546807673484239,0.16788218573784294,-0.05671020094101408,0.01729093583281429,-0.020376572365449937,0.03525929069769764,-0.08616214735460524,0.007685278356621869,-0.013775628143759055,-0.027666341902097786,-0.09747190794960206,0.003682783780889553,-0.1453394458175789,0.004528157569197739,-0.049113146303861224,-0.0016061787909482064,-0.034184774515242274,-0.0060219515470052495,-0.048089181972912044,-0.04149301225185556,-0.027007801094868906,-0.0009331516726703229,0.0018490371015309765,-0.04101835176633741,0.015400217427995163,0.0851110702926148,-0.050168544939322504,-0.03455243368064614,0.10980405195475189,0.623932844902391
-0.009358555054766904,-0.004239599550040336,0.041535733414165714,-0.017384514194278087,0.030664793428151094,0.023595236414099517,0.0007914619173446406,-0.005301851977021114,-0.030626715713067135,-0.05597114915916149,0.08310860402022549,-0.0443308115808712,0.018972465452502595,0.02820264640733273,0.003992694302374568,-0.024116592378795834,-0.008417576462695949,-0.015149263941556513,0.015083217234574104,-0.04073506081670957,-0.0077510269042737456,-0.040310126170179136,-0.03591075709946708,0.07591172287243476,-0.030824646190022384,0.004690690479514924,-0.04752562713260662,-0.039634384969669464,-0.030613607812791717,-0.014814719747588578,-0.01838136064079037,-0.042299516344194536,-0.036324357355820666,0.03656113341812463,-0.029381183172526436,-0.03498174436206495,-0.010222480658536403,0.030754296706352182,-0.7991291767247999,-0.022331827919108132,0.010054491459839358,0.010637679850765204,-0.0006201117569133809,0.017163875416831148,-0.02844305560745948,-0.025970957105427846,-0.0316624614130079,0.028117556592174773,0.011011271230010123,0.01120893858357428,-0.014758728990961431,0.0004978749639782469,-0.007412154824955301,0.01901890732482185,-0.06539168571938433,0.009861735923924864,-0.0031960624540187496,0.030538763378766952,0.006406758576263442,0.02889603061401523,-0.07025958594437076,-0.01601723635183267,-0.03438703891855551,0.03736912654289267,-0.007072422571660587,-0.027760766741187864,-0.033418186329700394,0.0279599200247024,-0.0019112932647927473,0.0038591645336435885,-0.004575447477785753,0.035133205201084025,0.018202099018739287,0.06138577025456464,0.023034003796871694,0.017526693660693256,0.022433200907052656,0.0015230444911608265,0.007931763678004602,-0.000478751501872448,0.0327945621353066,0.034548440907619785,0.006798181580423212,-0.015603741588596504,0.04328873618919295,0.014799584362745633,-0.024317539225936213,-0.016902894278868322,0.00665964026231279,-0.06757159778509872,0.624048801670503
0.020836007188981067,0.07402201058158968,-0.02474005428166656,-0.003290573727441524,-0.0036143443286219996,-0.02113773204682856,0.038897234864077805,0.022895302029347368,-0.007841459246746906,0.004289089607556684,0.048438322859102184,0.03282270615735731,-0.006773971521132635,-0.01657061016547662,0.0501130539819231,0.012743857107342774,-0.0023050076587416406,0.04120227540313857,0.00030898975868782444,0.009071385832615608,0.07656801005950635,0.027864103237900898,0.009068020232922932,-0.021068013482778654,-0.016914780497310163,0.019345449757728346,0.02143068671873277,-0.007740552883516353,0.007219430207166232,0.019523702247410978,0.1612011146036388,0.10803206242513273,0.006031185035120735,-0.03605908944729593,0.0006205406565866069,0.005608039137035425,0.04011996294456602,0.0009114355542422892,-0.17623469949308704,0.00470385482213829,-0.012066406740085418,-0.014956458051257428,0.010263747235813577,0.0006558860267975924,0.023404984921233433,-0.00486935919513753,0.028812425354990994,-0.11495931839511743,-0.011628230427402004,-0.008555873511542099,0.020757987257295104,-0.021336139817287228,-0.005525823149922645,-0.0246544261330083,-0.7383502333600388,-0.012812211652247425,-0.06803313125556083,-0.17632559640960116,-0.0006044314045747275,-0.014986703302879717,0.019082036851075956,0.0144874608749639,-0.0197092313899047,-0.0055639364634743425,0.015964949982458503,0.043490138931503705,-0.02287633103445325,0.0033124837937323786,0.03888525791880129,-0.0172651839793449,-0.0016587140087993197,-0.02806043903439336,-0.0107186266784366,-0.05616738860009374,0.013894128870198556,-0.019634231215625495,-0.035940491507506875,-0.014291731455624745,0.011932159471667467,0.0021990097777223544,0.014088534156681256,-0.010129190667538392,0.016721871997442413,-0.004690810250682854,0.023588419410720277,0.016299903148848747,0.018129803287049977,0.03288518338724203,-0.004482577970828086,0.013519714298673526,0.627921067518963
-0.03606432647821542,-0.17283754255270548,-0.003322096956267304,0.01341355776979864,-0.03353507594866362,0.03558167640262359,-0.034594269633072765,0.00743042040392814,0.029088226804144354,0.045398841914369395,-0.030337335531908115,-0.04669810138284517,0.007206162252241984,-0.022835398689934523,-0.04087627838425189,-0.05018496868361514,0.0014410352518561672,-0.026493996190258953,0.016607998043329648,-0.008693599768658671,-0.032969746334276656,-0.005565341910852406,-0.03627871058996271,0.03720162636242266,0.006814871469516594,-0.013152630357157608,-0.004362418761309504,0.024076653631007416,0.028230014744646783,0.002454441442611123,-0.23726913107839478,-0.08884442803646689,0.012677801407673934,0.07635137990395306,-0.02271129131530491,0.004865911042496451,-0.012260469872655581,0.0038623579154862964,0.10468514691414056,0.023635523459892376,0.00027113905524575306,0.002923075093666841,-0.007181984635020317,-0.026360521012879227,0.004504068786209167,0.012159100678549938,-0.06910181537473557,0.293785324395798,0.015007388449881769,-0.011143098987109128,-0.011047157498396215,0.04512088794807247,-0.0022487503955658204,0.023195938697033177,-0.5562396931571874,-0.004776626597939057,0.05235409884856189,0.2905824029840733,-0.0036458768306403305,0.03339600978363033,0.00070327029556865,0.02410255063286625,0.02425520152994637,0.01247730656228545,0.0016972592344630308,-0.04568704051407203,0.019176867598916143,-0.02408430485098978,-0.005765762006777955,0.0062105173058686,-0.007105110293813976,0.012543051346501263,0.02969313578801474,0.044026291174187264,-0.018462900164694165,0.017501964977388776,0.0030361291902781854,0.013003892997845922,0.003141808228135838,-0.02492614682294914,-0.00786729835477399,0.015300917453393157,-0.0001341736834029321,-0.012946185274854867,-0.04010109916724345,0.00807385083310241,-0.00026743264152361663,-0.031805424342515855,-0.011533351864321193,-0.0011416111012466298,0.630833329286399
0.0008212837942960912,-0.011108212794320588,-0.08690293936988315,-0.013417090988175685,-0.02665101476831434,0.0044594888803118505,0.03943412332945548,0.03249926099488039,0.19983210613658758,0.011273485454460509,0.014693594499677241,0.16390002388440297,-0.01576692206614162,-0.07721893629415173,0.02639884123730788,0.07273351802011799,-0.03604673042028078,0.04170125732944289,0.16366302141641884,-0.03725457948306056,-0.016625209226207575,0.05376709090942983,-0.042910334522829933,-0.007875536855862337,-0.0672713755525581,0.10471580626391562,-0.008851333932380571,0.02643067770157495,-0.11009981710482274,0.014550016492630918,0.0011387425603908688,0.06349056108779683,-0.10112569865480618,-0.017681148688317473,-0.03704011104345725,-0.06026684123126972,-0.022612087172969062,-0.08869033972781255,0.0996311830211888,0.07772622441634612,0.07475697986248836,-0.1873919412304031,-0.0987478361666795,-0.04680887486507087,-0.0006972360367148156,-0.12042759637747454,-0.040620481824653186,0.11258925302229907,-0.006645014241615573,-0.04710213151188159,0.06606447239452753,0.09856948567728617,-0.0693770085980691,0.056736136474606215,-0.04120611734042647,-0.02663310264634639,0.07372121673655227,0.46786944606601866,-0.025260764745329334,0.019708560372991353,-0.022733889103556205,0.012141618003353597,0.06450627036546276,0.11383933431020246,0.12705075502943639,0.005421748295937906,-0.0985003930889066,0.039732280132117374,-0.12030720471551941,-0.03843570647601957,-0.1692541664722096,0.011940390255206318,0.006350169462869586,-0.027410833976848164,0.10512608067159933,-0.16316407739325442,0.03831156135384358,-0.04571863055921461,0.1421127556840895,-0.011043895735802941,0.049730915416179876,0.009351079828419496,-0.016365619993511504,0.0008415316133867342,0.017625746982505255,0.08443538753602105,0.03536695560497024,0.012960037024052688,-0.08952518069772006,-0.045020533941902155,0.631002820320327
7.764894609534428e-05,0.04683699734786513,0.04204889698446792,-0.03125273949035388,0.0014099952491518815,-0.005220187220854789,0.004807237430288357,-0.0194848099762417,-0.11623435295317722,-0.003356847527663902,0.006452213040483314,-0.03374695939704263,-0.030570988584976113,0.028278393706209527,0.020512531008937684,-0.05139531455227755,0.007325551550418848,-0.0003642319564539252,-0.06002948350693011,0.021576635844030294,0.030009769485339118,-0.007156912316160582,0.05530184244483459,-0.007221883967963629,0.015722774425440744,-0.05509000960815378,-0.024009035584237674,-0.042919176065802714,0.009846413257218871,0.015036057961101886,0.10660073721978375,0.017753116787419896,0.040923583350020935,-0.010873899728869998,0.018135432856736463,0.060510623168880194,0.03738616802285383,0.03126772129033043,-0.07925231164472137,-0.042274766941964845,-0.020991168515330793,0.08753142698754397,0.037607769804821486,0.03789051699014973,0.022782057081261107,0.05840713204199184,0.05966284174664702,-0.21533165438922397,-0.0061212164263309225,0.03478877164602871,-0.026245867214265195,-0.06697810557897589,0.0334716519430114,-0.025414007409895467,0.08011524948564924,-0.0004004957354259862,-0.037638902968528794,0.7499635183234948,-0.022437235905270782,-0.04096660129013995,0.00664206128380341,-0.006188399944631246,-0.0327875622033419,-0.07204114794725414,-0.047346223319969356,0.012459825886980608,0.0360666778987215,-0.04764114018665311,0.08736536382514443,0.007817955957318901,0.04583885577152593,-0.06020380936624268,-0.01000610433996546,-0.0295618771841373,-0.016934565726104106,0.04685508640327519,-0.03519898413145114,0.004077922688420695,-0.07007712704738986,0.00022045018100850792,5.786659155040327e-07,0.0029569076313116084,0.04025185719572451,-0.017599308448631373,0.02118583877827075,-0.019251568175373858,0.0006172072632824126,-0.02605486214815796,0.045002877898610086,0.019308935498064977,0.645264247975583
0.0018275829706303221,-0.14343042179395893,-0.06392632538702504,0.0025289301628198687,0.0006635612555346518,-0.008273441634195487,-0.012119377090268295,0.033344327948663266,0.09214192882531941,0.017286140278524802,0.015030798538850872,-0.040507195124209305,0.049207271698531514,-0.02630089900455863,0.007044816698140182,-0.004080411515624832,-0.004286676859051056,0.02528457994194345,0.040256297673576955,-0.015916279100352097,-0.0039561066915537535,0.04152283585478463,-0.10740204384775175,-0.013007889567974272,0.0025613090384858906,0.017478102556948892,0.007635742353717456,0.03681217604068725,0.0417972282209367,0.00350903577655072,-0.0031830620687418568,-0.05669173141754639,0.0074756778425167526,0.02190921364839724,-0.004191588121848288,-0.07649817518515593,-0.061054746168981655,-0.012987897772424477,0.018371258014878253,0.0414060863822479,0.0420736272582408,-0.056780071841812774,-0.003955733852686745,0.002956147238774523,-0.008462423159920934,-0.026153231811037493,-0.012602540063820316,-0.7845059975873271,-0.03752052031340029,0.024511471632641498,0.03146512134353151,0.05627537462812275,-0.036106644671305095,0.03376496278528321,-0.02818720625257869,-0.007210715137761618,-0.015077288405514986,0.04090897446706527,0.017349554438301506,-0.02668885550209881,0.020857336692692702,0.004781531508818599,0.02733886020252575,0.051436067599171215,0.027391906006569173,-0.05055458674345046,-0.0097740314018981,0.008470697944761288,-0.13077906179243706,0.030598187193439715,-0.1004817228648122,0.03132114857859078,0.028919599111780932,-0.004632423152080104,0.008583392155100095,-0.011602725142036049,0.018191334841815877,-0.025757955627023123,0.021567467532691585,0.003968642193298115,0.04293555720371553,-0.008256341047606744,-0.028847976713974266,0.010297931903641061,-0.030240918090247055,0.013735701490142038,-0.03774788892922485,0.009639212184907247,-0.04150831200895983,-0.04635708918918366,0.646935634360787
-0.01604186406883905,0.06952387475970578,0.04616419243825565,0.02151203333004256,-0.04038885669855377,0.03525309946038962,0.023277698624326732,-0.03295134710919675,-0.08585990653484663,0.00753094011926511,-0.008704715235422864,0.08060493028463026,-0.093415359716801,-0.012807013027316076,-0.04320654695080869,-0.01341558678733164,-0.0035114226364796053,-0.03347900808514294,-0.001428747293779992,-0.002737151938433001,-0.008239858250829237,-0.037790795633200445,0.10710283045734442,0.08973037697688309,-0.036342312729150464,0.004913354407141543,-0.0060445889029045905,-0.03769969403875585,-0.06535135750890643,-0.005387945525359997,-0.3066964510063791,0.0766832167042225,-0.045578307921008754,0.013367481276131158,-0.052867091389125556,0.13651716644936482,0.1601751072415125,0.0139071243544302,0.080029486320136,0.004020244930817764,-0.0653607422639326,0.045094452054267375,-0.05541252913524932,-0.07218709816550477,0.012319785307871686,-0.006094481121226969,-0.09519403286451682,-0.40151235280589553,0.1017595585162914,-0.13360145584225883,-0.016181255839819622,-0.023515435554496873,0.03787226437814739,-0.03143520565355322,-0.06767204197824274,-0.019603449464502327,0.09814910502715683,-0.04235023904591395,-0.03396602003624558,0.21539770127577332,-0.047430357693843204,0.024887128703247257,-0.0319937162134676,-0.01398475561187933,-0.0045653289593716884,0.04025482499828752,-0.007225286019849859,-0.014632259393976289,0.301309576620886,-0.09240071299115751,0.15841651714343397,0.0010110049760155887,-0.013991271491605083,0.039427468046773675,0.0035704313651227643,-0.017504506216673002,-0.04039507946102243,0.04115572541943983,0.04523633219912167,-0.05041750274135752,-0.07499319203002121,0.030589304233529832,0.0350141716988173,-0.03947821554587334,0.010076116365726013,0.03160799715814973,0.10256556682497393,-0.029693772781943732,0.015329418294730262,0.06245383264640647,0.65176704246229
-0.006697852971798286,0.08296258023145968,0.0016118882335471696,-0.04714217233803635,-0.0008741182757937499,-0.012423334098069313,0.017774123608687162,0.0467083697582561,0.023396954497950095,-0.016166221852145963,0.02059895741978132,0.0013415012273860476,-0.004704948587663915,-0.0017316529723869704,0.03125017476566799,0.006342183884222988,-0.03374792663546071,0.024009791012582764,0.01827673710832684,-0.016784889953973994,0.04783464329078014,-0.01683778225909999,0.0020018634836171997,0.0026418772543782224,-0.01949881998231044,0.006781939519212043,-0.03486417669231873,0.0020602533376190817,0.0068097575038705,0.02578401732141463,-0.8041583049413348,0.01272609028600108,-0.008805584818764521,0.000822773935218561,0.002673458129035405,0.009826010088088267,-0.05329398505428285,-0.004352978174400579,-0.02953391998814668,-0.0006570754093120477,0.036673278864160115,-0.02698954496055227,0.03607307385273468,0.008988742230779027,0.00766266579119522,-0.00549476790685161,0.038441354083740636,-0.0072693289386487545,-0.049658715579658855,0.021121899857363534,0.00016648076039372972,0.002978253225494137,-0.02252503619409689,0.018774493078922018,0.053116581086090166,0.0048073255081143166,-0.01137179716200278,-0.054830932135349085,-0.016046002687102965,-0.041090533068417576,-0.02341753595086604,-0.007997120080556759,-0.019223895857305336,-0.016458626539397534,0.008415523921002928,-0.026832956365768372,-0.01964897818502771,0.004340918723500806,-0.011525625041258857,0.02242940549634382,-0.03797221651312032,-0.027731164494590076,0.016944156981137635,-0.021549416550590613,0.012004737635054646,0.004526655495110035,-0.0007307604993165224,-0.026565523705782607,-0.03449268814495604,-0.011146141502946173,0.016919296529192558,0.00977168005794747,0.0058624884885832345,0.02014276616408338,0.06777436063210761,0.009617255161036656,0.00413264628348142,0.024588496726128548,0.009223671358309727,-0.03566853576678715,0.655847884396616
-0.027589330863465652,0.8146401774090192,-0.051856825839321656,0.013835200725525935,-0.009343150050395882,0.04897109005126589,0.0017521300003293851,-0.02473743140263895,0.009738499359672196,0.029951885356052935,0.008642246516636067,-0.02090718499500726,0.01621429728410496,-0.03980855291417089,0.03232892395529585,-0.0366856900271968,0.03946222429591523,-0.00254789135727646,0.03226140212079624,0.02807840083912928,-0.020842247239811096,0.11848727241068208,-0.05127718205778167,-0.0019753727804514495,-0.0036686243826888356,-0.004939664318359902,0.0495768809381515,0.03069974952367894,-0.02301162938675978,-0.01047197451911195,-0.09374121116909316,-0.04490970206379234,-0.005555302030661221,-0.0026230936576767242,-0.017256430067948907,-0.052933027323110095,0.030686632198650927,-0.03870683750509981,0.009852557636751172,-0.018200223325365427,0.012687185625491175,0.00720674477615993,-0.023646252053943686,-0.015765330187049703,0.013461462947752401,-0.0018429846655894418,0.000594514351420993,0.039907017698032315,-0.004499913204187017,0.0816638818403485,0.0057958170967407265,0.040093745801198385,-0.005728065804132013,0.05984866828178032,-0.0011709774343014359,-0.01215109713785504,-0.02617253907811918,0.012591695443637339,0.01576877037489763,0.019752991757993298,0.050334434247484156,0.032152183034328936,0.05637518125658134,0.005134977902003395,0.010494190601449387,-0.0001095154204598069,-0.00812575591847762,-0.021485377689959177,-0.010636732334717026,-0.003125016724835054,-0.00857457733189287,-0.004853302759445007,-0.0015266065582514175,-0.03992804015159695,0.03014244576126273,0.01935754608621019,0.006399219873729108,-0.0111593282125383,0.007919122171229689,0.010058055833415255,0.03954030813504515,-0.003603523413885824,0.01660498161053899,-0.025683592290269664,-0.03898107743708474,0.013949054397827928,-0.029817360790702525,-0.03475404975032205,-0.052002418155591416,-0.04031613497465264,0.657906379589421
0.02229753388667687,0.06773410171523292,0.012975080884980688,-0.011398746867669727,-0.020424501357518686,-0.008734361148682123,0.03703921329423324,0.01547864725190828,0.03386598690647929,0.010609126010866084,0.011999137951196373,0.030598523255078437,-0.013913022671753213,-0.016407692273410657,-0.005404230415533208,-0.01677156295503087,-0.0297196349736869,0.030466152519522685,-0.0033766388489758635,-0.021066909489849243,0.03650018010151342,-0.05265020700029177,-0.028407648540128845,-0.005056766032440084,0.0009619340585355201,0.004252838936852237,-0.03257951021982843,-0.010029986486164493,0.022355525957939573,0.01939183090757668,0.00802916375038984,0.041261441791304206,-0.011932673016575716,0.01263098257414111,0.004312266458805077,0.04034796685506997,0.030794274030113658,0.01097405248824457,0.0031769713761486663,0.012026160665060504,-0.046408296451168375,-0.004015164283062777,0.003079674829931717,-0.001104409581889499,0.02644038158120935,-0.014112760497840248,-0.016823471445607634,-0.0039292523847352925,0.02062605906660301,0.8769917966192186,0.029291903886731613,-0.008553152166496537,0.014469948373986914,-0.059075772246470946,0.011412300660183384,-0.02131846238492337,0.01152221005829834,-0.0038359538285405296,-0.03518838074585266,0.013325190072722981,-0.010625373227930387,-0.009824694087041086,0.004373279368645756,0.030923786830093388,-0.00442976864790782,0.010483018207912344,0.0048335683045041935,-0.009271108146904563,0.00029287682558774424,-0.0215682688246314,-0.018131137696569842,0.004609640848826207,0.0004555909777035372,0.02696789488640582,0.003496842367711743,-0.013468954950851477,-0.04928446923333281,-0.020391472729480345,0.01770527800173532,-0.04187262104207871,-0.014404925314466986,0.009101229304411125,0.008326073616818119,-0.020868598834980406,-0.03789638946419196,0.009259992170079142,-0.014011531390060204,0.028610066962924303,0.00856772963131622,0.024358378098109652,0.658872818805574
-0.01615481495294715,0.029723565221644866,0.016120731138879723,-0.007013171031000581,0.0046649428282381725,0.006710043131502658,-0.004172467414294762,0.009445860666831622,-0.02564948913938657,0.0020576942326559987,0.01442257143448858,0.009623106359582356,-0.004855474660152316,0.014041636285872013,-0.0015240744480263246,0.018874119870232065,0.0007437967675401103,-0.006841772939762384,0.0057222225316802084,-0.024834963156205144,-0.0008179458056493546,-0.031533244835130564,0.009949255454382284,0.037151617289653,-0.024324676726578714,0.016289529071918503,-0.016382187334863,-0.012253346705680946,-0.04061115991115063,0.03329186835253402,0.04980108457628049,0.00872636081893622,-0.0032761502504683754,-0.00177211876623516,-0.01479550855697539,0.012301847074114775,-0.017449894979163952,-0.005644817457581284,0.027306624090330512,-0.007998621504232653,0.048349790361822374,-0.020140224007624694,-0.013499431302399898,-0.024873684622672768,-0.01751105604721425,0.0015758789726025907,-0.015766958008912015,-0.00953604352366149,-0.0023337556059637218,0.03855339214839405,-0.021842614975597602,0.008850170192247776,-0.014501760547686968,0.032279725575058656,0.0005214877314662328,-0.004011273203564506,0.025701109268945012,-0.02091068392092424,0.0009027658135537343,0.009401626814413928,-0.04900454121656519,0.018236810324926068,-0.016923631094942042,0.004271895074587373,0.03635743676725448,-0.01424383733699447,-0.020826535219830092,0.009864872336286088,0.04555779517909327,-0.004693908449475429,0.00251752738826937,-0.01744679020980918,0.01925085082476364,0.002506451478661129,-0.0016872735252598456,-0.02295105852408038,0.024688595564632616,0.010227793432909072,0.004356520435318755,0.008392879459727663,-0.012688509200253812,0.02964114711990141,0.007252291372696551,0.0028789697868573006,-0.9038250367812507,0.010195722416163587,0.030278531246082676,-0.019547623112008517,0.004287774707051923,-0.00999018059117407,0.66159799770955
-0.00890255295982142,-0.07534455885279029,-0.05951699538943256,-0.0048598470468199755,-0.00949970410745361,-0.002694230586169056,-0.009473619159249764,-0.017442929842021636,-0.00528822359443996,-0.008361482782776207,-0.00576822646821409,-0.020592674933836444,-0.007104202025452047,-0.02039630541006749,0.007666692932593908,-0.013346320746124478,0.0040879637466418855,-0.000916754560744672,0.0202784642717363,0.02802159887500195,-0.017882149352745905,-0.8908043424928092,0.02601278668919205,0.00791925317318049,0.0019263413379985047,0.0014157696431307165,0.022803757123407514,0.015481768726409462,0.0013547288896035607,-0.025078762709851148,-0.03747004361334866,-0.019230281340926195,-0.008115341198319087,-0.004114713054359131,-0.022926843841365507,-0.009430166188667627,0.010892379292227581,-0.01285021792197991,-0.0087266021645209,0.022211222427568407,0.01723334174043897,0.010071785550322305,-0.02684845748907205,-0.011590908797563656,0.0011544462220457602,-0.011251762192297628,0.021027724230940834,0.028542031113713413,-0.017212057848028452,0.050146901494536045,-0.0016548598553336841,0.011577908112058867,-0.004732051602228177,0.028064620424722866,0.011700706360049886,-0.015540951954690095,0.004715144717313531,-0.00584785284859602,0.00013667369524464253,0.00403716078088763,0.02984850113822533,0.009773863720116871,-0.010748418248041952,-0.013282668776377928,0.004234874742286033,-0.02506165427609904,0.004712651690158028,-0.029044401992368428,-0.007424722508414029,0.015657355730291537,-0.0035418142782049013,-0.005380584122082964,0.011620629182534753,-0.04717849636318343,0.01508874846916812,0.005951585314453269,-0.0030992773456924735,-0.006052455403454354,0.02416586540553097,-0.008173905520412226,0.01977307352558604,-0.019118015666390587,-0.006399027380215912,0.0032788061895513763,-0.027106654030235152,0.005699893581770057,0.03158603567572471,-0.03127367835783691,-0.023998309426967016,-0.030950165379107743,0.663912935418797
-0.020146711641681313,0.10586332552803447,0.07033705364214678,-0.039135267900283884,-0.05266697082585893,0.05419695572000382,0.19438335842701013,0.05227049248964742,0.08130203970647065,0.1382521778648724,0.04468916128977897,0.1548678906253444,0.0019018545796039134,-0.04041810113469974,0.055389154848921054,-0.08218576103792011,-0.07920690197766182,0.05552225696112972,0.056378979717553505,-0.06489465079664027,0.09643410166512113,-0.23626406158978913,-0.38754990585388543,-0.040596714633857334,-0.0653577005439073,-0.03282094239057838,-0.06779175616521595,-0.07475790583873386,-0.025626373500049416,0.07531122710387084,0.10302218055952427,0.08920318591554166,5.9253787857624785e-05,-0.0022795275968453647,0.012799339199903639,0.06262505870705233,0.01386448565908967,-0.04687832167626806,0.029731467207898668,-0.026343637834630965,-0.04531984621688277,-0.02330504433218676,0.07798602311530278,0.03030324069625062,0.09996022506144112,-0.012163783422817565,-0.0682901166886989,-0.01460686062607269,0.015172473200310047,-0.2160801598993695,0.1108831158109419,-0.027921466537293903,-0.023332837598071414,-0.07167526762750963,0.04755003051723177,0.02190818353126354,-0.015165551923228195,-0.07024245014831207,-0.114389148138099,-0.024202181728857946,-0.004636405825505627,-0.01372077864078987,0.1296234418981233,0.019677396975894025,-0.008791855411452791,0.04062042063257598,-0.0360496705654896,0.009545908751067735,-0.01896595695492343,-0.12016943212809679,-0.0985905721162892,-0.01066346488057811,-0.04544719815084048,0.03879608785864538,0.036258554319489114,0.018307922150786155,-0.13644327433913478,-0.051824095164074255,-0.21236473791976737,-0.03999979326672722,0.03537448630272584,0.05783700387053191,0.10399924053615571,-0.10683714087217237,-0.021367109373900087,0.05036591599416694,-0.2194716499045655,0.032126330061016485,-0.02138429244002591,0.01219843378514178,0.695683073686084
0.031669564787459824,-0.011029207654591505,-0.046605401858912016,0.006702879605367819,0.0029378411374589553,-0.02035612763476266,-0.007200241928618717,-0.011477935778884018,0.014106218514209058,-0.030827477827175546,0.019493322143924276,-0.011151620785487197,-0.010649261251794698,-0.013412333017963565,-0.016286951322298182,0.027656971424831936,0.02129758858104205,0.013937896558059416,-0.006878955705608775,0.0015289222644368945,-4.6990730735954415e-05,0.02430470849320176,-0.0050356529844685785,-0.0006212235325561883,0.012364089821790896,0.03560349611354442,0.014844813636852904,0.021012449666027232,0.003262830876268974,0.004532705205011409,-0.026062350038957554,0.013758775301003667,-0.018403111210226454,0.0030731538853996047,-0.01144807565562055,-0.014725378519425611,0.01178513440596807,0.01774384028346307,-0.0013508056191885085,0.03989718247446579,0.012539170985376987,-0.021809001039363802,-0.056402055001488254,-0.022555816485816355,0.001054522877193667,-0.009236725201319873,-0.012503500653337206,0.03532210945383545,0.017912766765284867,-0.02330825663873158,-0.009037258533705766,0.04340248621816399,-0.006598670964275332,0.02388068380359609,0.0009563540468890306,-0.037545457503917926,0.015494242310205138,0.025550729024027347,0.007666929961587184,0.013711146626961442,0.010189026856311545,0.017631174084670045,0.0030399269333467173,0.030658229779879212,0.030942156229390994,0.016924099429028647,0.00617188987592436,-0.01381575015698313,0.013122026597796913,0.009534542317639961,-0.0004282253005874818,-0.009643826338378065,0.017948959304794242,-0.01165682024495805,0.007576689384221687,-0.06484355118237715,0.045477572180732166,0.004191229066225458,-0.8761836639252603,0.003988464725723241,-0.0008347788654177184,-0.010582129193113287,-0.03379301181484197,0.02041967224105407,0.004634216346710871,0.007337830316935671,0.016994027170665463,0.010957698212140928,-0.003583602888517884,0.004532227966561707,0.695712748152709
-0.0523122893977933,-0.08393205685368268,-0.014385059270186852,-0.03458948251192748,-0.058355111703183075,0.05721020920769436,-0.004854126190263728,0.017611555291675976,-0.10685227955880854,0.03353676851480646,-0.030962082826446802,0.015678677714841015,0.3785299710692574,0.005428463129966281,0.052914053476447204,-0.1384662297207994,-0.12668281686864635,-0.006326806797862817,0.07418632576019826,-0.04251843635575325,-0.024929707115183938,0.11189003069930051,-0.05423712426139271,0.11413523405003019,-0.07561354798573379,0.06088659224883478,-0.06350403323489325,-0.34197363832816746,-0.07027400208964298,0.0734824556543851,0.08031694940560465,-0.002303381789302089,-0.03183555215521669,0.11299516189728212,-0.054097828897078135,0.03865375196008678,-0.012083898351182619,0.008216032066873545,0.09984759707218283,-0.008112166533718162,0.08880079118799249,0.032106179364497875,-0.03022252762612782,-0.031215784766032827,-0.0049553974859312955,-0.05139471101534815,-0.022663722069464036,0.031456427308175335,-0.020149323012304377,0.0983888993858826,-0.05377410766351306,-0.1121845758665634,-0.0047110761384535575,-0.019803331928785483,0.031514715245789644,-0.032262306661163725,0.0773647155669387,-0.06071628868516473,-0.06601420875411265,0.01709346941507052,-0.059207963709746673,-0.006461931701095762,-0.010332342249496747,0.018545646238435885,0.009200396960749358,-0.09781668484459125,-0.11608150485751066,-0.006649905596216907,0.08032834753143474,-0.07172114897175774,-0.040417818425443085,-0.0564621167972385,0.003996273086931213,-0.01813403448172505,0.00610335629176585,0.07645500762844297,-0.1777586312736438,-0.009686830630274233,-0.12573409623924547,-0.11751191444130288,0.04287968832153726,0.059025116705356935,0.05757180707751126,-0.04893185911166495,0.10749339012235573,0.12835588765329908,0.1704803451905613,-0.26565349873074684,-0.023380387205902013,-0.08319851065595518,0.696230929094966
-0.003443551644228076,0.03189127283147884,0.010956842221693831,-0.017023006640284857,-0.012658300149169724,-0.021011437828464534,0.019551276041973757,0.00889842672343902,0.06475982333330846,0.0032593661246594686,0.018562078235024253,0.008125971447487463,0.8058017059548543,-0.026936136326305996,-0.02273827765500033,0.015557484632216532,0.04806541851834286,0.011401629342414335,-0.0034148412461812525,0.01932453207616986,0.02180235601092345,-0.01993803223467741,0.1499164142076311,0.008265426848361885,0.002390431225031488,-0.04494016403939877,-0.01598854902009022,0.07163883944611643,0.007901886051897403,-0.035573934072500174,-0.0017584769939662738,-0.005181829900402007,-0.002561178302418191,-0.03558441811162777,-0.007096344358379966,0.028174547174125573,0.03813846276579746,-0.014858182053064904,-0.00035179519531245064,0.022798562348130828,-0.014718505242414396,0.00033049929231208745,0.004313901482855916,0.01645377615860269,-9.997872410906494e-05,0.02339018607967412,0.039377718848970795,-0.020891529369717485,-0.01846667809293867,-0.03775779308934161,0.04101664726876447,0.05014785638335061,-0.002852262597498088,0.0377766005136839,-0.01751587134753928,0.018328007863638057,0.005606392721739744,-0.023045749440616433,0.028594094370537445,0.0050417154464555795,-0.021516743026982366,0.016446514371250415,-0.030599539838895993,-0.010564080751860013,0.010702872036826178,-0.01710278520776934,0.029073766611280596,-0.028295742590421703,-0.032988904677161486,0.04657447061809311,0.006657967455782422,0.011605213708534694,0.03833868661919429,-0.025279435129709066,0.0059803900971571455,-0.02464040080070952,0.04202644567727489,-0.009383502218239656,0.03124315389052667,-0.01256676658985197,-0.03133634919665788,-0.011558247367407903,-0.008604506429832246,-0.004787797626533009,-0.015098967646029726,-0.014000572864723978,0.00454678874686768,0.05800210435151006,0.009293463957038197,0.0271427573747294,0.699244437112435
0.012154029529016142,-0.0026369370553742367,-0.005370347597416916,-0.0011688543717198374,-0.006070559080728989,0.021234197842156105,0.0762515819515368,0.012594763002779735,0.025173517905466142,0.03140996068698872,0.03752220930377261,0.050264506842571034,0.06516792276300695,-0.02045395050626761,0.03502647981790514,-0.02731481830092622,-0.051922204987870965,0.038871798269439366,0.028025473492042978,-0.025833322266604973,0.04971698276355892,-0.045519349287070264,0.7886352550674643,-0.04922372387168335,-0.014510702426143001,0.0032578503016422646,0.01063549494563172,-0.03531768411969543,-0.003003222660125662,0.051272522326871475,0.013892112380744233,0.04566120998510749,-0.0072774904454694835,0.0032517929091046734,0.010909010846881019,-0.006731768887242503,-0.009459721424660866,-0.025591075397240304,0.0017445730328501203,-0.01766931025462124,-0.03496577189769119,-0.03794458061316329,0.030757797448330442,0.006487323127890538,0.053598540809190263,-0.012374791638751017,-0.06854551613277671,0.021982189822827732,0.026156549036493285,-0.0632655492419713,0.031057798582791805,-0.01670250619290068,0.0030619823348264656,-0.04359549246541359,0.041231772875449525,-0.025154019440412713,-0.021216100860713755,-0.0020006698521400374,-0.04469087332351567,-0.010158030202608234,0.044140733921354515,-0.0017046035654599025,0.09646429315593202,0.03192426742046452,-9.642073032696941e-05,0.05570520070250762,-0.03301831747428491,0.013485379165863414,-0.003443983576408998,-0.06146628532575554,-0.051141501276178,-0.0003480855927968919,-0.035873888377759566,0.022986687101012687,0.031063504663632363,-0.0141568298261408,-0.044948845188586196,-0.02427375773251877,-0.019877169068584274,0.009420356437420641,0.03994392306110905,0.029135586956539342,0.034846982156046535,-0.043307964385864074,-0.030907662179943656,0.017030788752339737,-0.19068874167865704,0.015045874323173353,-0.0255413443903913,-0.01158232570281047,0.712052211104052
-0.008584439935001756,0.015539651059630193,-0.015937995697508336,-0.0158548428734651,-0.030712250960972524,-0.02318734443279607,-0.023384200592614268,0.021765945920705947,-0.03715380456098934,-0.011572339451105407,-0.029409527131763837,-0.030804188569408246,-0.016143494378218576,0.009899449226841956,0.011976076692407635,0.007370511647482733,0.008946591332607813,-0.018014298851100688,0.0050618986193833,-0.011960949471317118,-0.028772880635011024,0.034588851224564766,0.052521137397336604,0.04854770309702884,-0.006127903567806147,0.02553045321428203,-0.014792909850496073,0.005725730689639678,-0.004237582480117576,-0.0230083044902225,0.02713306415702635,0.004846773506506855,0.009389514271860796,0.018157676252171955,-0.03592467039750592,0.018660363137388763,-0.020208851859192817,0.031264901272438125,0.0034336050412842804,0.05258987394534078,0.05845378691332873,0.026148212973402637,-0.052490450841245574,-0.002778280550935554,-0.03633387498003389,-0.03195896739883232,-0.020317870029150295,-0.0062542634392456576,-0.008050954839766322,0.02034016074150461,-0.0282156600108756,0.02932661004532445,-0.008707519986268328,-0.025581827957814246,0.0008164537723064016,0.0020543636100883345,0.007379177338569659,-0.002060680582961326,-0.0010131795634536111,0.011126262244389905,-0.050424666759780405,-0.0007871982377168036,-0.07235329397040421,0.006673349575490101,-0.01015608378038426,-0.04795479140813438,0.011337652317771209,-0.01182584639143889,0.01707694647767667,0.01157537675506656,0.001039629273677666,-0.017184716237963003,0.015405045568830227,0.002654181408080891,-0.018038500114653633,0.0050537405955922736,-0.03460382202893414,0.010162061227943378,0.015416151744302813,-0.021362693728607097,-0.009526766374264386,-0.020268919929811217,-0.012786162270279795,0.03422608141443659,0.04335464069888612,0.018178475850960177,-0.8052681891568448,-0.03191385824395951,-0.01318398837523588,-0.01651062559715915,0.714827263462537
-0.03456007131452453,-0.06260677564745466,0.03322302073640781,-0.0058658295487427695,-0.009689177775827897,0.040954730949557754,-0.62397123190778,-0.08046795608617595,0.006900210145613799,0.10406721712539704,0.006408379432325434,0.0032806511635767237,-0.0585909466422501,0.01948609002703383,-0.03341508249789689,0.006636069873780574,0.010573284910357687,-0.00598068924486756,-0.030792802139864506,-0.005775712393136948,-0.03919715705793895,-0.004529455447734559,-0.006301912796675931,-0.06875479288735102,0.00717831267252229,0.0008349926192674816,-0.06206940905430819,-0.14636596348651026,-0.04345937231358597,0.09168155966884405,-0.07503630848479412,-0.022615942506585177,0.047508813704006655,0.0010641218329205241,0.0519388335381437,-0.19095447381522768,0.18118190351787059,0.0006039072845637579,0.05502621981299121,-0.05713406667582047,0.008889950199760108,0.0009743547167303659,0.004425925987220174,0.013832132758133707,-0.029760645837779456,0.015064382382994741,0.06279538636836351,-0.013302696860450752,0.025959533733535833,0.0017381140985722708,0.03736699682124528,-0.11263925284831969,0.048395854852313375,0.08300760031130901,-0.04204310614079626,-0.04991284163228916,0.07169968548562762,-0.06939407808046398,-0.01718671705683253,-0.11531920612504097,-0.061674327263076874,-0.021897311791119683,0.0795851487276304,0.10209867692266963,0.030616405299018924,0.009739855323809962,-0.006393954105518415,-0.033291383022689,-0.04996473840007894,-0.03748187350584809,-0.05755966448097329,-0.04831761163716933,0.0019374623511735683,-0.03677932726032427,-0.004996669815538514,-0.023267473195483286,0.09635962864190235,-0.031216513974667858,0.0017344476167356604,-0.05666803961233884,0.05721713054044525,0.05397129245845939,0.0020764590488120765,-0.033822901029322616,-0.0003361041168387261,0.020562597571525065,-0.2166164845191587,-0.06923725188435248,0.012955565134507649,0.04363789910230922,0.715919459219633
0.013556622683345248,0.0778641099168498,-0.022715005022032816,-0.010368480783393133,-0.009863690431572366,-0.02043832130764993,-0.703022595521535,0.10192050797667113,0.024642137393331508,-0.06566575820728024,0.03176838326233958,0.040200318290800625,0.03578500853689056,-0.048865415909946246,0.03277780118944208,-0.028064025273644256,-0.05043745728650484,0.028235605959604042,0.04462469961136618,0.0011828780300191292,0.09380593119544944,-0.0057463735677559585,-0.04683941985516021,0.06979608028480994,-0.03449690405698588,-0.008236562751634605,0.04311879465794736,0.09662888720702119,0.030351953961885687,-0.0514417186586396,0.11059051227010121,0.04736784290835216,-0.08522554030182661,0.005565612581886733,-0.06466471621875317,0.22899097533339458,-0.10726795562847835,-0.022647874173313688,-0.034021010911542596,0.045226121825894416,-0.044495313319041656,-0.025865623173471894,0.023039247283168904,-0.030250316661777667,0.06344756493104343,-0.018534613586619716,-0.07318560917935417,0.021369845477454377,-0.02637347078951861,-0.04696135354179825,0.00032869634459027327,0.07538045710034108,-0.0676985062037497,-0.06735304720160189,0.07136775607933084,0.028528225605669304,-0.03898827692160076,0.027333995060067357,-0.015517059867144445,0.1207134413089157,0.04763291887764893,0.037068121756416,-0.04501529045196262,-0.09319411001294514,-0.015744065477950823,-0.00451479212971362,-0.01801550350719578,0.01720385500539979,0.05469498095930372,0.01438138420029384,0.029632954891149144,0.045375497292879825,0.01194166585111387,0.024002290890690788,0.033473647774164214,0.014845149569139217,-0.12502285522389983,0.011523972805480336,-0.010884668052879463,0.03553942806496646,-0.046294725261608244,-0.022578327482660268,0.03380372049461904,0.009892126652022477,-0.005165775695377485,0.006226645856777329,0.06638330693982199,0.07475587976237286,-0.014973344817777639,-0.050389205939112836,0.718963008135281
-0.004580054820306061,-0.01670364563963138,-0.01669357018809702,-0.013196075864100858,-0.001908840316178532,-0.00198982339282469,-0.019049432755329436,-0.00047962879986846656,-0.009134818292503172,0.007350029746675992,-0.004982231175785113,0.01000112479667093,-0.008872833702588848,0.005288194053225797,0.01866452513990599,0.001993788530090941,-0.011304444757209054,0.00910783800907853,0.014595205868426265,-0.02724705535831479,-0.02329264224170562,0.00764809005910491,0.010947726396694495,-0.00024127552976461742,-0.01290389984339991,0.02173612194771404,-0.022371216303362404,-0.0022373923665306122,-0.0318590922876912,0.01920880514874758,0.023056536546362225,0.006606597375987074,-0.0021170433969926535,-0.010178785721204463,-0.006227258226310538,-0.012812869903688245,-0.04193503017665716,-0.004234949394437555,0.02711620659016413,0.016593271386455492,-0.924317543040379,-0.01132776358917001,-0.029623196457758877,0.0037170944052339542,0.0006661869323632136,-0.01625570003136768,-0.0045842695155547215,0.006221045667553081,-0.012854310031159711,0.030611252895440658,0.004977108471008727,0.02243044360097778,-0.020082951386251765,0.03038832669833042,-0.010331904191444611,0.006704012975241804,0.014385916145994979,-0.013821021508663609,-0.012937704089769988,-0.012043366081717584,-0.011489583587111512,0.0019812481242012935,0.007670681569015574,0.00943078047126667,0.02495950454537064,-0.02016207915388556,0.003989143857071815,-0.0006594285499123784,0.001003439136588449,-0.00289366336349351,-0.023502827343738267,-0.01763196553289002,0.004022446959075824,-0.01757246934950328,0.019614330285228583,-0.032656297898513646,0.03152191421343353,-0.01046682044909217,0.006977606191764499,0.002933621292776495,0.02860586565374078,0.004336232177545235,-0.0056371509619141625,0.009963481725536225,0.03941466922581747,0.01761239904709673,0.030660361483339074,-0.030485357028923726,-0.012306833675934417,-0.006311081312401982,0.725861009913056
-0.014716165438971026,-0.029052976155582447,0.011933612589522738,0.0037137420253553757,-0.022723815800645766,0.030368791008028518,-0.006131023516997002,-0.003629134736699591,0.008474376369441965,0.025335430794584512,0.015519272789286215,-0.017407745847487846,-0.033706970640989244,-0.01783914412962168,-0.001263501756578543,-0.020301783317198334,0.0469006941308659,-0.007939832573489888,-0.006583605801017076,0.01413032761034885,0.02017879738386431,0.011607722535487542,0.00915542601582466,0.01178385543029502,-0.0011269576920289203,-0.011271251289891777,-0.004429732439168179,-0.022891590881797045,0.00045091910671187803,0.018618204686433222,-0.050036652287939354,-0.00458233557916068,0.012441285264624192,0.011774699458552307,-0.004531964715290818,-0.014130962777306364,-0.8793557809712089,0.008697275700636605,-0.0025978642427861034,-0.019712872814795872,-0.05222946857745669,0.024994100113565492,-0.007884044314416496,-0.020185888523258904,-0.0054153931044287305,0.0009249199509805415,0.017542657826868542,-0.0037940461771103656,0.022289822276146475,-0.02463126159451182,0.0029471902434780413,-0.012597731455498942,0.02975117358239827,-0.0035717255441640953,0.01830439750883254,-0.04021967932642292,-0.0027248761455680275,-0.023044378684466956,-9.07975589992746e-05,0.02654195838406314,-0.023444544466872226,0.004634582902511739,0.004964191891194928,0.03837064970822994,0.012982539442917123,0.013686413003568107,-0.01569928604520144,-0.022707784294240634,0.020218851870663093,-0.029210013460972517,0.008268132393203958,-0.013398613874419247,-0.00037315242549882196,-0.009707928165919734,-0.011235026571517197,0.024483292833882675,-0.034239995214332214,-0.006298288573342779,0.017280953281105887,-0.03676892046304321,-0.0043208247360378505,0.028836636470543235,0.013064700459818893,-0.03820128880329393,-0.013024794784010132,0.020465828386896954,-0.0017814856772826924,0.00344645634656749,-0.0023309219979075527,0.0027930708968601538,0.744540661385091
0.007470377821129934,0.017097436422733533,-0.012028256658410398,-0.023947188140284882,-0.013871683255801803,-0.013124001282080907,0.02065420961676775,0.01438854330825916,-0.01758770226221397,-0.003927965293950574,0.003636392658886406,0.03291632974156129,0.01442088175399935,-0.004728856158358094,-0.006328249107157229,-0.020739394198514713,0.917777155530568,0.02317008947130289,0.012681493030835418,-0.024871755296844093,0.013267038277694342,0.00428014937677247,-0.016932396379388794,-0.006676475373304572,-0.014175062360789432,0.017122292094262796,-0.022929413784381947,-0.03285548070690113,-0.005376942172403952,0.008606598113077853,0.03351711528303538,0.027933834618165954,-0.022181404085760397,0.0129259893413266,-0.009827748843761495,0.02510824405436475,-0.03698962463153732,0.0005168160784870477,0.024446541991452644,0.018224780493863033,0.013186676370766254,-0.0033871308050360763,0.010038633753046247,0.0007581518171846822,-0.0007513780262258726,-0.010802673613247937,-0.029720454526908968,0.00435798018890778,-0.0045123098939999495,-0.019623782116619966,0.011732852970353055,-0.04623915238715127,-0.011467330387508544,-0.011407713239759896,0.006257787369307471,0.003683537027757747,0.03704055094874314,-0.010727137498458356,-0.02867120729671706,-0.0060405943277824295,-0.017366341441729514,0.0014396901676440867,-0.0005283747861580037,0.003875499008116956,0.0008902134047844097,-0.008175103393504288,-0.004135954789225148,-0.003186851521022319,0.007363888644982984,0.010259941451822782,-0.01521284344341645,-0.005696440977025037,0.01757475351059823,-0.0012158059365843597,0.004368321931819935,-0.02533619493137194,0.00128549526523268,-0.005944122105652886,-0.012381357048275001,-0.016925590791038083,0.0005043956699138171,0.004903059940521125,0.002136802484117935,0.006484605412381792,0.0065216656727767166,0.009766647619542853,-0.0032047029696248832,-0.023848900066666897,-0.0053368940870028485,0.004784835495695049,0.748888535318442
-0.022275663385088566,-0.017611336641445017,-0.02138684149079897,0.028757819160691894,0.0014845143307034524,0.02600942393837798,-0.002239601205765477,0.017642701422209955,0.03729899217382483,0.026802378078341627,0.003092422459024625,-0.041962105885217635,-0.020937853042255483,-0.016134335822965366,0.03923313845381478,0.012918352189364692,0.07707561509903003,-0.011093152508338077,0.021132008945403142,0.03646854967244081,-0.006084921790943861,0.007745659614661615,0.003486829508264185,0.028036031720457075,-0.006192708606235367,-0.014679419603198789,0.002929606580186291,0.03601519309948998,0.010150989565450678,-0.0033389769564384567,-0.009377568100267769,-0.028867817490629707,0.012896926880411623,0.004929283694902171,-0.007265728760355177,-0.013312030174858222,0.002545846555514017,-0.004506175005692787,-0.004275658520455957,0.02619923628757342,0.016634901012452973,-0.026583022097480216,-0.026388961697993502,-0.011257546645311329,0.03935242302757668,-0.01141095442803635,0.015873711857512348,0.012171618631432679,-0.008967183631986677,-0.00456588547365333,-0.008641148835804377,-0.8541284462283483,-0.01838878744978736,0.04225461202908115,-0.002076719018947712,0.011144390881961048,-0.048779968036530806,0.006243551682886911,0.005584468971234107,-0.0013270441662857624,0.03446826362391849,0.033958976779562,0.021025397533534648,-0.023431066813497502,0.0195019750966808,-0.012189438614246406,-0.029396759699619572,0.013138458960424978,-0.004108572345874566,-0.015973957094039686,-0.0004800740273953877,-0.01958212061024488,0.006524874697464878,-0.008260199994407875,0.027957536918038456,0.010582816597055665,0.00499818779394622,-0.01765243421221935,0.03964076459538796,0.019915530033163733,0.031984194246554014,-0.009465254867493895,-0.0047840064206151715,-0.018868071573037073,-0.011721232331679632,0.010210335067929344,0.026074461956160914,0.015766481900571817,-0.0004323044194895834,-0.026615442018526766,0.751417437387907
-0.005737358646455787,-0.01559134364669947,0.007359175551357745,-0.044831622243960395,-0.012746651259858155,-0.01991575308724153,-0.022794921379977257,-0.0050502936209921865,-0.05127358244245953,-0.017059573599407855,0.01782821990259743,0.030634672148807742,0.02964897149829026,0.1930569472584176,0.003201425034933564,-0.015527409321927628,-0.06337092203283302,0.016329722890136157,0.02562283735032046,-0.21684895404450255,0.013825873109547065,0.0035875551653609433,0.008035818447949226,-0.010227584984412539,-0.028101101483510846,0.04042604218505765,-0.011640795602197145,0.7227402587100554,-0.04538754776032938,0.03634768358531541,0.027423699897162958,0.04761042809830213,-0.004826201351443736,0.01490713284859398,-0.025509759279540925,-0.014732431916909114,-0.00019271188803377773,0.005229738384727826,0.02273305572771297,-0.014968036121088288,0.06612077596673094,-0.0050988021704204975,0.0024537678397582568,-0.01171281682847931,-0.03608740110963628,-0.02129299325440599,-0.07136473983779625,0.022440008931612812,-0.0013027483961260435,0.045254726550540345,0.05267092082113347,-0.20057180863917215,-0.009644670520355971,-0.024569420468653316,0.031632265999393935,-0.04596720220840137,0.031167483718439085,-0.021173890279883593,0.01643702069246595,0.019118912594158682,-0.06421104478967775,-0.04016842305443107,-0.036936352236011855,0.0725153226921469,0.030080163130182,-0.026703181203632815,0.053371040006493654,0.009115502451093525,0.01640022584597457,-0.03650785485813876,-0.053812570996747904,0.04263272596740388,-0.02205268856129764,0.01940505539414376,0.014021196746351015,-0.025271293694362183,-0.04116689943859853,-0.0010020495587611355,-0.04595137628803548,-0.04708231264262916,0.011882504479190422,0.033938050073949885,0.03443917126283213,0.0035294370954442847,0.0904071929268223,0.0489297612010829,0.06962057635090947,-0.059383824684979936,-0.03592151640391058,-0.012774560802576732,0.755856254268724
0.041846122435450474,-0.000535179946717764,-0.033584963673286915,-0.048816842902555224,-0.03060595464437933,-0.011748491864719149,0.08229665669990782,0.018903302600340437,0.02279000904579789,-0.022233627968097,0.05349283127045274,0.09161962339582197,-0.012282485175042664,0.6721369409193008,-0.04654327465381711,-0.04211867182118346,-0.0787983996951612,0.06571081800942413,0.002126491731059403,0.05914225135521156,0.016272773098086595,0.035813953699640355,-0.07396931678406096,0.0333113812126021,0.02669051651026866,0.07301469573049077,0.009683914996294483,0.002717255142333816,-0.011299376234880153,0.04394740901056841,0.02432202773248959,0.029529493171630037,-0.12376694959323471,0.00023982573928772383,-0.0007794279804364797,0.046178559500675134,0.009714151495889035,-0.06315972711524329,0.032836748262763456,0.044092389333745555,-0.042867268371097514,-7.10612103501824e-05,-0.04039415338208892,0.017064488038123694,-0.0053213223485754114,-0.006812866248096558,-0.001717262245981112,0.022263323285939995,-0.008689287693902379,-0.07294742750778688,-0.02687842105202901,-0.04153462517702389,0.005418922575509345,0.011125893035697889,0.008973694325026194,-0.04879147505211046,0.07538745610088314,-0.027934649129615654,-0.11935371811181142,0.014454071179660022,-0.02832163306305164,0.03283288412294942,0.016162286701163715,-0.0044201159532555115,0.008551493044256753,0.00252076108242436,0.013288663119912343,-0.3478059403856094,0.05316134952603416,0.08096868301502956,0.00500033605617537,-0.05471900348297343,0.06148909268543109,-0.07590236156599987,0.018285738688462713,-0.08025059890403459,0.028153026635389922,-0.006003439429017267,0.08359362189045244,-0.03937875086507068,-0.018700464265609625,0.013487458119187837,-0.021018003999369896,-0.0006920034600697474,-0.028085781053481047,0.006502054452592011,-0.07417028918744298,0.003812345543630342,-0.0313084478759512,0.06375289093507153,0.764598404829847
-0.07030638307546724,-0.029994851023390657,0.004366730844767721,0.0844042840855466,-0.006166962920773675,0.051687213399640324,-0.04779679698615355,-0.0012254348405923558,0.02630617727461242,0.10873583105914304,-0.08389487032879392,-0.08574421849510999,0.0030580593190681097,0.5788762486123227,0.09855755579720901,0.003480783735614875,0.10989678502638543,-0.06506247658063745,0.013721999749005294,0.047167455665360306,-0.009593226460148267,0.01128705075434341,0.042787645576555546,-0.004623979813508116,-0.03592636202731013,-0.13842710252876353,-0.0322509980992019,0.0697084472575589,0.022635702135474823,-0.027199044760061367,-0.028367499659269754,-0.07413063662383731,0.1511945679706665,0.014623552302638877,-0.0017811302838547963,-0.014868957922481184,0.030602739461763135,0.04547849048018705,-0.022921060846862313,-0.0034149379969173866,0.006725300499474667,0.01024921469473467,0.028886331355275463,-0.004494255294827934,0.061419721805423,-0.0019039096553783667,0.050711160897168366,-0.01527456463530447,0.006810827574005448,0.030162762654385913,-0.0036894276742317437,0.21508255059534515,0.006226567096733045,0.002725213400615815,-0.0027352982138643123,0.0577193931271603,-0.06852062342492436,0.0033412805338831745,0.042790667430626365,-0.026913524153429604,0.07000897882305937,0.014729549981196379,0.021560431209868006,-0.019810526063108548,-0.014562618789723184,-0.01253843414176452,-0.21241459275277982,0.326254201163127,-0.06944236856415952,-0.12218848282028243,-0.004586864835233403,-0.012467777405416524,-0.03050528839258949,0.004176073575778918,-0.023551868962198283,0.14633681160088746,-0.057186037829207254,-0.017247063421346964,-0.05398570972623602,0.021575828527803115,0.03826171522347494,-0.010639686741428966,0.01667162445360643,-0.05190660803253432,-0.02437129494335622,0.008825423117638955,0.05385027983513657,-0.0033027480292393886,0.04950427569725975,-0.07130683936756324,0.778845012340394
0.004610691749640358,0.016091645490438854,0.000954080739595349,-0.029984636836186872,0.0038780927222458335,-0.008363968920912164,-0.008468065096591227,0.009406595792694868,-0.01295417512025735,-0.024631898351864075,0.016286838868746614,0.0037855689268736755,-0.00564629748449795,0.09059564955463333,0.0016380727084849694,-0.0009265338399114864,-0.025519374726227017,0.013169179261319322,0.01311674787804295,0.8789137473082161,0.011601880341260445,-0.027378309203464592,0.008268737863317277,-0.011218661533197215,-0.016406515904281035,0.03734324885682928,-0.011893805092369291,-0.023524608396096658,-0.015422017904312815,0.005187691923572213,0.019646669655075496,0.0442152468113244,-0.017540259093473072,0.010498567438229887,-0.018303810932166764,-0.024559868560148995,-0.0251572573183859,0.013547495712991967,0.00297625144513309,-0.007281566068200161,0.048364147109499885,-0.02096096029258553,-0.007090837945007658,-0.04268857399910777,-0.008699781866365396,-0.01202439461676517,-0.041802466523483815,0.017107257870176334,0.008870845644241624,0.0023429131233064565,0.045242081815201576,-0.03168708161457976,-0.02783309155864416,0.005024420464784516,0.01779149311048248,-0.010800120224800551,0.005075262866435499,0.006413504060384741,0.020417680124715253,0.025160747423429705,-0.023887794335346973,-0.015955860240921292,-0.01642283436119459,0.0400770081896256,0.023842412745525052,0.004513424440423621,0.06125854344179507,0.03063571069336446,0.014907785166486196,0.0005797988219280646,-0.018711999430211044,0.04092155048941601,-0.009989103987001756,0.043027561510849535,0.03125275058446726,-0.038188934121079425,0.008904123689778463,-0.004684826635062778,-0.0009098815248966351,-0.006522933906724345,0.009161005756843177,0.009494744349314037,0.01894655774349745,0.025397093651793125,0.04553032103523159,0.021218028147748008,0.03548665860955656,-0.003979150275193189,-0.023839735644671272,-0.01788052113517483,0.795772251839479
0.03191088794331675,-0.008650697009737416,-0.01965174422449131,-0.05993322649178577,-0.020253134007891443,-0.02745313741866432,0.043206628161144574,-0.004847420981845751,-0.0008755763115636203,-0.03916461010248152,0.05022162647457092,0.05353564030584667,-0.027631720328436603,0.006517418338198104,-0.041095562343539505,-0.008113711258398574,-0.047509435803769345,0.05326255045129645,0.00416620131319807,0.028378172059586534,0.0015147163700650367,0.035996207611129,-0.025207998056491914,0.006734670698809053,0.03050961877940324,0.0466045294919924,0.009975748615069604,-0.018974674615953292,-0.018662865932097997,0.038575414311072594,0.015518941288996106,0.024981763716089202,-0.08970019337797475,-0.024591364268331414,0.0031200306928049187,0.03647456540604726,0.012193474128929677,-0.05187192909481653,0.01903623498847521,0.026360656555746514,-0.011100851095668924,-0.007872980015732774,-0.04378211258565515,0.032130524261526246,-0.008836174512149776,-0.01932042395859161,-0.011914570699390743,0.009694470821347586,-0.018507833980148405,-0.03913075509895421,-0.003916751706562318,-0.044210906180625044,0.0037197985974893907,0.002104894322654413,0.0059188471811806274,-0.06363181356708456,0.0438525559676237,-0.04341955802038836,-0.09483979457078327,-0.012714673314942197,-0.032452811864806426,-0.008423401876719543,0.00695449084712237,-0.009805432286161727,0.01888786508841718,-0.018655161964996243,0.10039687013651571,0.8182986697042618,0.03503422648035076,0.03912269373313901,-0.027659647472778215,-0.04511459825722664,0.022008950780918204,-0.045636094413161125,0.03175257188387371,-0.0675343094184215,0.004306551890215057,-0.012795775606294753,0.05391473036501192,-0.039827602451773525,0.0017894192341797273,0.0145268109431293,-0.012188322068668352,0.004978261196494697,-0.0184676732745049,0.020820481570915598,-0.02226381805855148,-0.01981007185436304,-0.03386578352960688,0.041927097407541664,0.799432621438
-0.02988005611612842,-0.007149050059681804,-0.001012857726217865,0.02471663175434861,-0.03186729954578932,0.025132425208155236,0.012959505448999662,0.02386215809378607,0.017096102074765026,0.07902637287093056,-0.02618010055692066,-0.007278522351920795,0.028288154991456423,-0.050050374425474525,0.02928352275784466,-0.04081569870190952,-0.001980826949577972,-0.021721481432958906,0.010628723767156968,0.07180849870275777,0.014839459433940093,0.014658174358908219,-0.031563161850649606,0.05113115381354172,-0.02742030138804285,-0.03371629225046933,-0.0449710156773189,0.09354212295428481,0.01027256889814586,0.015943984930713404,0.015301687140524382,-0.01886563482823649,0.04238904192800335,0.051176382250334405,-0.01497678570189404,0.017629774120703472,0.03000906654233818,0.017395122108592193,0.03570438087889422,0.009286244967276164,-0.024640602317358373,0.022938748292811402,0.02139075693316145,0.010445120204788645,0.015244759301079866,0.007803016398729584,0.031519585199058384,0.0045546132424484536,0.00985786947256838,-0.004465758969725046,-0.04575650158691437,0.029018052407159697,0.016261583933249894,-0.009801888579346421,-0.003921314803180259,0.019081391266145126,0.029429491673265952,-0.007244480753671885,-0.03144958592806452,0.0074068031154556,-0.001139141488152674,0.036993778299623595,0.0007486275810808456,0.021458671533391597,-0.013299950109793887,-0.003435066069986487,0.8214946647102297,0.03656819980520776,-0.015342538555531795,-0.02054087942674815,0.004786300236251584,-0.03428954147844562,0.03437550471856886,-0.033397452272267605,-0.03515706350894289,0.04307200219781085,-0.028444285344892375,0.0019954199573430204,-0.008350592444874646,-0.015252338596576332,0.00975133291497484,0.018816311895239857,0.0059042855923880765,-0.05179263862369921,0.002169270883362004,-0.0010791870702152053,-0.008430754698202224,-0.008026180470261463,0.03394684881250479,-0.02159889904072998,0.801348018878749
0.0007292256057467028,0.0024645466141701607,-0.010401653525442171,0.0036357848797506313,0.022024224462251885,0.008762919648245026,-0.003961482308744869,-0.005503389000098603,-0.0064751480412127286,-0.05624459761487375,0.03341328372472732,0.01606520284362203,-0.05609004242204103,0.2743879268631543,0.0057155081769231855,0.0370257729453318,0.006848588087129798,0.02825847447541285,0.022641225626171744,-0.28071125208813913,0.02277771046086976,-0.029067118648986284,0.06372823381586665,-0.041898240651899066,-0.01973867896180106,0.045232812097615586,0.0672306987450845,-0.3930099631044485,-0.03705275485755687,-0.013355478063845558,0.006017163333423688,0.007856755942960153,-0.039316637364813695,-0.05743119097611966,-0.011588193368041167,-0.03276457454748305,-0.038419181308559154,-0.005159690723195557,-0.05267162745633154,0.0049188782208314675,0.06610420917527789,-0.0629563347448734,0.0008340065962716432,-0.10458945541340882,-0.025191345280162047,0.008394468471679784,-0.09010693169842497,0.03421571471548924,0.015387894932196297,0.03076013865495724,0.10108405072599438,-0.026195678480187768,-0.04921631637707689,0.050502277316264034,0.05625591826128408,-0.01313488451982109,-0.049905898180105615,0.04217521952111365,0.3016966924561863,0.06096561822503029,-0.014948186057411623,0.020579956921482997,0.00494994715957434,0.001621978288139032,0.032116530342473415,-0.0047697718289569915,0.37255042478138745,0.04272614088834357,0.038999404089081154,0.012749976087515784,0.003386540759403865,0.1030210868165075,-0.010073501087904148,0.06535758710947834,0.04713448142452869,-0.039661491913616724,0.046486596037202614,-0.012648348259339104,-0.003393798476899159,0.018470772507034956,-0.04553360214232598,-0.021158640548449747,0.026513096680899444,0.04210054196952031,0.06633049867204097,0.009801071089375609,0.056859011774853564,0.022187422649547737,-0.057685715920216325,0.005533053088126773,0.802927734298753
-0.01359519815399166,0.01948499296717833,-0.011301097720560515,-0.04693278302884254,-0.010568437053638998,-0.005958927620068694,0.012312785717316192,0.0074309902168712,0.0061010087027473835,0.00663969607934788,0.007314856270634176,-0.01600079552061322,0.05493270579847164,-0.005444490096601054,-0.01924600687160148,-0.0022584062407037084,-0.03827794909546553,-0.022088303907084203,0.002551772727632771,-0.006002118271747524,-0.020793293332524096,0.009437663329667854,-0.08216951803458511,-0.004539661933757537,0.009831544338494388,0.037214305987913025,-0.028072082666506265,0.03315228394644415,0.03278092823726687,0.015436820547102173,0.012303461227590816,0.07979765744049787,0.010351569506264662,0.03231133520191425,-0.011394118180533682,-0.0346573118535326,-0.013518114769431105,-0.009773076065051643,0.012078621029470712,-0.011039484162025097,-0.006517152689035749,-0.008369461049106448,-0.020101067729887786,-0.005773679172079161,0.0468308875670059,-0.04498764489722281,0.005074018980428481,-0.027579106554775936,-0.023934381708376067,-0.03725282147697274,-0.004278155095507451,0.016688020610329462,-0.017990390356112468,-0.001194935852659671,-0.013630754693899905,-0.015855640684668267,0.04094509117114761,-0.041628937339234034,0.7870302228100309,-0.040426363487435495,0.029767689582169115,-0.052015983590955966,-0.007327813877713265,-0.010580648042210724,0.011480691167097705,0.0436144139021029,-0.0004525889800142286,-0.025530919223480122,-0.0017970633168569402,-0.027818943120454395,-0.014463140016932639,-0.03835280881755632,-0.039286021443886744,-0.017072815507299402,0.030134070472906494,-0.02571550952343909,-0.015660873938596397,-0.0004912642929804764,0.013014454437675068,-0.007101984426304688,0.12046016968940361,0.02581839342956827,-0.00858627953902368,0.03682883381079321,-0.039664475168459494,-0.016593463825799407,-0.03602432243093388,-0.017754365300049407,-0.0032636281080460393,-0.020576680854729065,0.804243869055053
0.023470217029205345,-0.03621828346797395,0.010265635219871377,0.015537133217481493,-0.05742086995869319,-0.019986353785872123,0.023991676087075062,0.0014560249108774316,0.025264490476929056,0.040849401722751325,0.0014698208763235326,0.12953716710664304,-0.1882588855881485,-0.09320387443448408,0.05897919914432484,-0.051302234525823866,0.00754029939395647,0.09114898716037853,0.02248034462342496,0.12807887758999306,0.049848413728667065,0.02096653404229504,0.10421755244449316,0.04116954854790649,-0.009960223656676238,-0.11452724708415309,-0.023766198542561765,-0.015792027322657,-0.07933058213680634,0.042651822919314276,0.029489939763285386,-0.12105476481062341,-0.014185529459301136,-0.06238880144656874,0.012467102666657974,0.2622485926547752,0.06124018206076224,-0.029662962441968393,0.06595818778943247,0.05544713356017647,0.0025914970884838547,0.03851983074724726,0.011423759573347379,0.18728352315320845,-0.042884840492501734,0.016964318028812746,0.021373018010552334,0.039820901841907536,0.00312814818226483,0.002721302925054362,-0.0018528067977430249,-0.029525107110985497,0.06297170616335769,-0.05567941895039846,0.0028169687412979367,-0.010124626301025312,-0.005646229673744789,-0.030669517375173472,0.3981029154622345,0.028910322895102952,-0.09509874640281794,0.0559034085792058,0.008126258461423277,0.0435778059276644,-0.009389757585580106,-0.19896264553452564,-0.12836833920506466,-0.044200096474460535,-0.029356653227487237,0.010790499232169674,-0.057942093626993,-0.015442103435043398,0.09275171782887481,-0.0876210790682698,-0.044561760655889654,0.03438543222069562,-0.05490667056717541,-0.03597810021824029,-0.022293294223692976,-0.07357708885896193,-0.18542012323115864,0.009282270191217478,0.008218036951458958,-0.20879377830739593,0.03480173748219189,0.03927719423831899,0.053431757561898253,-0.0037341698641928,0.004073337283138886,0.047303617738179246,0.825130692662767
-0.00908451981839684,0.003866701695596513,-0.027654345860132483,-0.002881869623173944,0.00505773449046363,0.03823459819549336,0.022925150422793663,-0.001384171383658046,-0.011361709624418846,0.007557907115365591,0.01280222580841256,-0.019987018470780087,0.005666393032612126,-0.008459273677834908,-0.02635525130962768,-0.017379770162807184,-0.002979280296430486,-0.009972500369424252,0.014744098752238059,-0.02670378955063331,-0.00401582929274875,0.0027693146513828623,-0.013553245935956443,0.014218282896432297,-0.01947846604669617,0.010723037906364686,0.009322108476401402,0.03265515278341324,-0.006455351785333914,-0.01645492868978686,0.0038062725018837076,0.00878849925468297,-0.012486146948014795,0.03210945184116768,0.0015818886062461258,0.01840332201186832,0.01468606851587051,0.007070480808003962,-0.0035122620793324017,-0.003366303934094815,-0.012975345487258342,-0.009656765942347434,-0.01868871211543656,0.8764965308228905,-0.014613252921891931,0.009278087901706995,-0.012633628394066284,0.008297117157108479,0.01641741208587933,-0.005192472372779104,-0.0026196626874587896,0.01919599374863919,-0.02086731040266708,0.04150190891489147,0.021338494924325508,-0.006923278184308692,0.019058202825704605,0.011250339181240661,0.007525926326615219,0.01951288854029833,-0.000761456078164651,0.036603249533974425,0.009191149533360244,-0.010261338086196765,0.0040640425350107106,0.028208765889740837,-0.0051220758368901685,0.02613112716204234,0.053175657273156395,0.02473269172415757,0.03830382441039173,0.00482514350009117,0.021111353467860496,0.04063067751120735,0.009576272118622157,-0.0012124800455237399,0.01481195059041267,-0.009598055407026853,0.017451753415906192,0.00935971459603735,-0.046778423611357825,-0.004498775028203494,0.012604598159798822,0.0018915079651326207,0.014807070766310293,-5.923117700993332e-05,-0.004342123765070089,-0.010391144476482051,-0.029585127610449652,-0.0435965241543138,0.828364371534404
-0.04666335272339512,-0.06274104689972702,-0.003098996259624327,-0.007979218428912103,-0.007046107566261098,0.017163543130252975,-0.012327904891567173,0.040606089085496816,0.012903361316106967,0.011375132263423926,0.0202458973336525,-0.06457401991742412,0.01858994370054266,-0.0020426552773941493,0.04179635371699936,0.0011623568576734705,0.011168743130466395,-0.021539419726082254,0.009554070149489662,-0.027277599879528783,0.003748297686470319,0.03243747414227129,-0.03601238537067061,-0.00806126088161831,0.0011672625068279245,0.05454503537837142,-0.01421780002383796,0.0023193738879699766,0.04187520474622513,0.020511834966346038,-0.022358491417157237,0.015286418921389947,0.008204452583478745,0.04024772065477157,-0.011221105559967082,-0.08506439864900606,-0.0015620996054741339,0.006939723919323962,-0.003767892447490849,0.0006287697260235124,0.03820885903893024,-0.02990987344023294,0.005933036407854244,0.051603187694821806,0.04188513816881653,-0.03553580424799714,-0.009018872588478642,0.01892756195905401,-0.01996064106659073,0.0074465037743205445,0.02985811584561084,0.046530960635930776,-0.023482787173530025,0.04513322357021936,0.010948339699515544,-0.011561938703077762,-0.03987567483862679,-0.02071955722678582,-0.04795531123074799,-0.022487515724940385,0.018696285225135174,-0.023282954481942095,0.006582809277996151,0.012506141735097056,0.023203455397372705,-0.00188498523352925,0.021590411636311722,-0.022166299727583917,-0.024556960347706408,-0.039330995252317126,-0.04274642747805896,-0.014632673922107526,-0.027645887486812817,-0.029095697291090652,0.03882806109247091,-0.011216738094409245,0.013968674192159901,-0.001760305405130013,0.01678942588727,-0.01006797086893946,-0.8282183818196579,0.016332634817940773,0.003933912950261379,0.029819522478198544,-0.026617051261633058,0.01797543789715897,-0.0021389155898355276,-0.014380007265557566,0.005204847871069236,-0.0011182143877239373,0.830091897310448
0.060808742642842445,0.05469940679463758,-0.026429719261457544,-0.013566933868193139,-0.018251098873754302,-0.03353063549743957,0.012680355967159116,0.004641808161835449,-0.015282765168354239,-0.017757328917626304,-0.005756838317453449,0.08175072361732856,-0.04866199647319724,-0.04521097408451406,-0.004037550805221352,-0.050077243164626827,-0.03767678133262004,0.06118997854617029,0.039712896347303864,0.03445287432874314,0.033602385443944234,-0.00019607651497268637,0.03747772701892607,0.052566697871221306,-0.016266553850273598,-0.0659863321448374,-0.009478544390317879,0.021571495382732835,-0.027769551120931896,-0.00200094840714004,0.05714724187386433,0.013174069999652574,-0.035352221850983793,-0.00912065306617758,-0.01282671179860201,-0.7923245446018732,-0.012244921850674004,-0.021380965274468786,0.005061600665459875,0.04539889002100176,-0.02431770358661325,0.022710804304401453,-0.02784427823352513,-0.024552940459577587,0.018498852916047356,0.013777964780287021,-0.0117320055637567,-0.007812776199804873,-0.005377796759780682,-0.03364947914788727,-0.01595697243278421,0.0016751368736694545,0.01297185749596251,-0.06997375535213715,0.026154813345934266,0.001904224491707491,0.023522575774610706,-0.02066998176266749,0.03018646676329357,0.06321124525622196,0.012817270059250712,0.031637842264370074,-0.03647647437544908,-0.06575748346330909,-0.006113337709076209,-0.043817682823352015,-0.02512754786215562,-0.019546125916663347,0.05996044600940569,0.007795880812977815,0.020706305217697347,-0.00034156315607831127,0.026055671165683608,-0.0015154495630900673,-0.00692742157988256,0.0007428715720395004,-0.08413263226300191,-0.010576786448927919,-0.00933510961535891,-0.015344189813966012,-0.16795884491423388,-0.014360787915670945,0.01695074646350328,-0.07828024620211038,0.015539367871056,-0.0013187650697568227,0.052453371948890416,0.006405638943409021,-0.005038850664334061,0.005123321761757723,0.840628455842576
-0.0027579750908540727,-0.0015339334943694177,0.004450548974727117,-0.013298690205244918,-0.019811770861682915,-0.014970774860310992,-0.010938777564724922,0.0023127559108491146,0.023685414751067283,0.023637314556765814,0.007417484173943666,0.0008521339501846792,0.0017519164796590315,0.011988774856818757,0.006280456589798259,0.014642080311563294,0.005471902990346487,0.005918655336965026,-0.0012044729572212522,-0.03784108993986119,0.011571301620119566,-0.010491373643770941,-0.015984273631078367,-0.010469765527393865,0.005150096107094436,0.019151267040739953,-0.01611133140374666,-0.0407174976300613,-0.005849824262837347,0.01587901957893873,-0.008443146172179379,0.028806851367616237,0.010953155778284228,0.013074353559139197,-0.003798248439255845,-0.04052279577973364,0.032896576259035575,0.007110313954822628,0.00959201059634627,-0.007490260199495556,0.004999021992586338,-0.0003516523441461648,-0.0018664326929135817,0.00541053158443729,-0.021538525139253428,-0.01862067508699736,-0.004613365261446658,0.025585273025407553,0.024875804413764673,-0.03073081462239139,0.009885675736960838,-0.012123805038078733,0.003653822672332759,-0.027000329300760396,0.002236491302838707,-0.02927576164024742,0.012648646979085496,0.012136668761313528,-0.012929260765963865,0.006564699565449508,-0.03980025232736434,-0.012095989147359746,0.006746345066489528,-0.8986016226355287,0.008456748962320088,0.015090580333936135,-0.011868524400032329,0.0059785738255649975,-0.03800585396143987,-0.0007698650577995602,-0.03140940905853798,-0.0016051145014093849,0.009271600611003192,0.014314618637219724,-0.006346849664828628,-0.023524190403556158,-0.013681072565632942,-0.01605582480316552,0.030456465898955277,-0.02872582858106673,0.009073353600839175,0.021977039556444273,-0.002509556455492158,0.001632489506920861,0.0030475455849872635,0.011146002816350864,0.019687948457687093,0.006208824532300231,-0.015383046961931022,-0.01802380462902787,0.843591997651197
-0.06875641241976134,-0.029343978716256505,-0.013278235818528331,0.009882690154258647,0.03628364762773045,0.09198300997596463,0.020771131103610643,0.002883789156602347,-0.002215741503894797,-0.0038207938998621174,0.009481230838844248,-0.019723098004023474,-0.02770550029758201,-0.036926238314804974,0.00398489654259534,-0.015284314377578538,-0.012468934692264599,-0.024914210889710374,0.01352230728577928,0.0144045957534743,-0.015024696775280347,0.02123025260275051,0.007205589576321964,0.02351649057747667,-0.02172597278400999,0.03119406934266673,-0.006462223352036101,0.06904254186444266,-0.026086329242860064,0.010775205555884168,0.02530561663018627,-0.08210130801706518,-0.031237149203707824,0.0024891926605905192,-0.020216931638670783,-0.02837343998882402,-0.04378576966749581,-0.0034713525888467405,0.055695841875638204,0.012574870080276631,0.0578618802282704,-0.04443707316287756,0.009120381994767321,-0.03121651154456254,0.01858938475096025,0.015039776055509092,-0.003802695772723275,-0.0078314820646254,-0.01706762461242223,0.05819658500628291,-0.005058627110266057,0.048103536580119906,-0.018415033928762144,-0.8128689056053146,-0.02489958502708044,0.024230126853785422,0.02493894534462249,-0.024449969026327883,0.019191094643772565,-0.0077464581487723385,-0.0048525096972286625,0.052208630160935916,0.03581195656770212,-0.08393092826319598,0.011679867528175417,-0.029187043496597627,-0.01872316482426249,0.0018791347667996372,0.039891730524691305,0.009646087782670424,0.02689296853606341,-0.030776733953352217,0.037580124346802454,-0.04273796894187596,0.04402429194453764,0.00033079737672985925,0.1691529367154991,0.0019217453960314527,0.006820611331663767,-0.001276697441984846,0.05683438600714571,0.01141531630453272,-0.003319647220246746,0.015851636061680253,0.04755892325469078,0.022686272403423184,-0.03893451012588154,-0.038745164102713225,0.012784946798451494,0.0009375162626427153,0.84374482297133
0.012098482541058221,0.006787849063102341,0.005109286042519637,-0.019671306345964878,-0.029013451739895366,-0.02273672953888279,0.004264985427460679,0.018124056987353344,0.019045879474690983,0.014523058885853406,0.004837035318761442,0.019209521040871536,0.01743637660073782,-0.004316037261190692,0.026301413321224543,-0.038039722742778,-0.005984048265011805,0.01707325852236266,0.03125793696381601,-0.00870434728857917,0.02732473585584165,0.01457210053442667,-0.011887425451808464,0.028004669837013423,-0.006439335427654227,-0.024542640587102035,-0.011304248993641314,-0.044928937713067246,0.018007947675626506,0.002477595248779208,0.017169905261192286,0.03832855416486933,0.0025115173710936766,0.014058310380771238,-0.015727561812671854,0.048769338451847104,0.04452500959222278,-0.0038304386520617286,-0.013671419529467037,0.000358230065908208,-0.039334515990464544,0.030173870737475815,-0.006290162167041414,0.006013665391883089,0.01815806175550689,-0.04112757856294032,-0.0013785054200312022,0.017419364756200442,-0.010438090722153334,-0.03386716690964948,0.020360739455977665,-0.01869726171422564,0.005265120834699029,-0.05658587799305424,0.0407611807733441,-0.022249814492884174,-0.017104960379848995,-0.011923635473616752,-0.03934354962785852,0.03012707821361015,0.0033652986233030694,-0.037580966120334014,-0.03621028925258526,0.01863798640090849,-0.005011674065771034,-0.024049799766119342,-0.008975618456259903,-0.017247701421766674,-0.005086653861962197,-0.04775533623512341,-0.020033071235208467,0.023443586395886236,-0.03314488603904356,0.008694781574580923,-0.002161176150139405,0.047030838709487446,0.8560598541150526,-0.015857778370006886,-0.04496768957071311,-0.03422670753610081,-0.012995861805718616,0.009836963152004378,0.034948235443491,-0.034851766275672214,-0.026199794269236302,0.015538274994528175,0.04655414702294191,0.014262733364090096,-0.01744213988423111,-0.03390230202531517,0.868596676544125
0.04393262078203302,0.0006914414116426279,-0.03957913703840702,-0.02224478541126923,0.0050249457710424186,-0.0529989979072077,0.010266975564163092,0.008683423877739281,-0.013788427014624786,-0.007494943369421762,0.02421006590524409,0.044898211461158445,-0.009080194900093467,-0.016805459140585885,-0.01793275395224332,0.026508740525127777,-0.03631261065647769,0.04383397524234535,0.019216868526904032,-0.035587614087281935,0.004226710089712914,-0.0014412653563239243,-0.03137587581755652,-0.022776208771724336,-0.011269563281265093,0.029282813437419203,-0.008990918128298435,-0.02893108288737513,-0.028469731594523373,0.021781287523806175,0.007689392736218013,0.07647325659447478,-0.025322354420955668,-0.017252272371694143,-0.005856171675397497,0.0009172882592203692,-0.04048087964923529,-0.01680178648845999,0.016319403242433313,0.030531953987240137,0.05000993720887172,-0.03372236048712806,-0.04510713620790905,-0.002156541404540331,-0.00023982823201396455,-0.0007231308588544852,-0.04214492026839728,0.02115752551785797,0.0073277067911275235,-0.01474849351542346,0.014914088395773337,0.0034149603180207333,-0.02084138731371,0.011699238011829143,0.0008932148102595559,-0.018074084315592567,0.04549419542407118,0.007755826521141338,-0.026718081799117388,-0.013567620396955464,-0.0019885594356251358,0.01833460302587978,0.015186122681758351,0.03597976018556212,0.03857358377092548,0.02651672797872158,0.008518990354662314,-0.011532972967349392,0.005531045030135497,0.02003433822355749,-0.014228165443156573,-0.019953481168713465,0.019231680316310753,-0.0005762553389381492,0.03397390754884659,0.8726919402661776,0.054244433916176865,-0.0014090228443999371,0.08578035662085523,0.01119707091754564,0.008110576749119153,-0.003727363028517735,-0.013485757214853223,0.010117523387011771,0.026527745284453865,0.020924589297891746,-0.0010097037685568465,-0.019860443479206968,-0.020673337151368983,0.01628149363958981,0.874424066118862
-0.030955646432069252,-0.029667799932392956,-0.0033761387099067444,0.00030739497083357597,-0.023197680242818625,-0.8798157862757771,0.014041968239442575,-0.02321761821208451,0.030522836566008293,-0.013153777509907873,-0.0035558821542758757,-0.005745196716971935,0.01643409507800732,-0.039459553068799155,0.028529240402925662,-0.05321184290077672,0.015815800980056593,-0.011214098049637874,-0.00020253749043514836,0.015735770928824833,-0.007011777629681618,0.00903687141938575,-0.02578628618287003,-0.019307302463525296,-0.015510531070958648,0.02350375747898621,0.004216616070331729,0.04453808517827008,-0.049385583672871936,0.005557831514638109,0.005054816036585831,-0.060495989717189565,-0.01881732126697703,0.02082028917262471,-0.008671799592359742,-0.012461855582689255,0.03659594222217466,0.003315049012537147,0.015793318287265688,-0.012773406287395912,-0.012508586649315473,0.011815508592009876,-0.010453559310064302,-0.04892528341411459,0.02598903758722006,0.005891906223358991,0.003077173408279285,0.0025889710074884784,0.03534039036999463,0.006152363030169806,-0.024067156107576735,0.0244841737369737,-0.0024676001433375934,0.05242926024557802,0.014155935570895707,-0.0043441169762699315,-0.007824610833662272,-0.014226469380081477,0.01884112315293641,0.012686765479630685,0.012644117484295248,0.020684441335383698,0.012286862928279728,-0.008353257622814584,-0.028232086122926246,0.04343483167896867,-0.029963453637867458,0.005155483292226777,0.025529201797857858,-0.024544246731098677,0.02185958712578753,-0.054543655758698385,-0.011279153808472154,-0.008929174159731228,-0.020284257660468145,0.05305527759748361,0.02322530486523852,-0.008623770230529374,0.0018585728792398903,-0.018813272975527796,0.0016670613138068612,0.02014509964762179,0.01806257124167558,-0.013796377176045063,0.0055116186677510465,0.021736671474538886,-0.01465200259185585,0.005313063470456197,-0.017348148031891292,-0.025892294245120073,0.890658258519146
-0.04596507605351774,-0.008623041166394108,0.008832659729753176,0.008205469639256972,-0.003091921269308506,-0.037302386182296955,0.011154777672011451,0.03235248241654263,-0.004707510368077207,0.014481393481600893,0.0015217276175338375,-0.0015524821919837835,-0.05419979702563494,-0.018444511956854166,0.01662010972008643,0.010159326065474586,-0.010814354207581457,-0.001876491314565637,0.0024796523785108457,0.01708276030988593,0.020513958814743487,0.025008910028176467,0.035619752755842955,0.05409544086298119,0.003932428314073693,-0.032460395474461015,-0.019189971762965982,-0.003681243866201566,0.022660832839067228,0.02052069243499762,0.023396637425896403,-0.04632045328855837,-0.01398047043065039,-0.008251045711586264,-0.008935082146879937,0.02881809696383895,-0.002314953180061267,-0.007334982786431696,0.041768577873036714,0.020530883111788998,0.02384177471588521,-0.018135801102175126,0.029197946526768843,0.031971693648864166,-0.022534767664574053,-0.029957589694899655,0.01697524519149725,0.015489901051222802,-0.03404476916902494,0.011146792920142952,0.027533463310446503,0.008685229494982766,-0.006772707898569527,0.008717458597650598,-0.014775577275214589,-0.020784501094218633,0.00986635124361799,-0.01343521474121749,0.007396409853258109,0.034455240282199526,-0.06531746821511741,0.013691881489325422,-0.0226452145011809,-0.010624993067345476,0.029233856565590553,0.8674437216721713,-0.006655955932165745,-0.03387944959112573,-0.003728585490055875,0.005832843709801419,-0.02583920638786583,0.039338387163769445,0.05781103852511816,-0.03931741116061046,0.021877302139759826,0.021377797356434816,-0.03298520776894809,-0.025897590601631743,-0.025630970975553082,-0.01652674428652853,0.005506935861934288,0.011296897637079226,-0.0024797055739912612,-0.009357980124977475,0.01979952362511107,0.008609549795053864,0.02365096483798275,-0.029863695474275875,0.023847337176554004,-0.009398747710211288,0.891479610307486
0.02899539841844598,0.01538011172705437,-0.014726313550617254,-0.04477341331656683,-0.01711946121619112,-0.04188945334092731,0.023344550648239485,0.012946783805335926,-0.009707632386108445,0.017689143421029,0.04257167000099834,0.020815085257968612,-0.016203008863667767,0.010824988077044321,-0.031988086027538956,0.0007642774987970187,-0.029758213480674433,0.024208130064804944,0.031329401769687244,-0.04254525721759415,0.015750745558127967,0.004713966550567971,-0.004495022798590918,0.010432835928770054,-0.045153558780708654,0.009681324987752517,-0.010394173655404996,-0.05131285913754682,-0.0020487966269756956,-0.038307291690056686,0.011029267412713947,-0.8571782768645538,0.006241697037933782,0.005054854639382276,-0.03400942993128081,0.018647314547447884,-0.0004888953223935483,-0.008243417239039548,-0.03018751886605553,-0.006228008206480963,-0.0009760116622965002,-0.017383019051994023,-0.02012633907224278,-0.012662054100665256,0.02356183315336161,0.027272429138028322,-0.0347358457442565,-0.0020048013134658536,-0.005190912873158991,-0.021110971707001738,0.013517086606677428,-0.020533966397625922,-0.021904371859172777,-0.030296526542888755,0.03251063526677213,0.007738685296023963,0.030922968021225225,-0.030296826342041373,-0.03582344307452221,-0.04505764794414471,0.021770220973753886,-0.007057022775721521,-0.04370782984709077,0.02060653736044541,0.029792861168728174,0.06907755399375565,0.002269558578438904,-0.0003818808323868261,-0.004369032833193481,0.010953003821474062,-0.04276777143755692,-0.018862077032902175,-0.00895517680209309,0.029469238790135792,0.005738334408524792,-0.07359273789631296,-0.02193398392500255,0.02128855649765809,0.02511432713937982,-3.915302405071191e-05,0.013470883001362531,-0.00401031794751528,0.033998191909598074,-0.005479221083233894,0.0003075254727027152,0.016688835741728376,0.014229211570974972,-0.001824457468559088,-0.021251747655387034,-0.007917510022088372,0.896987776997861
0.03696288493947931,-0.019439061200196568,-0.05325985621284497,-0.018222777047060917,-0.053383271161640024,0.2209211128972817,0.006119531463318407,-0.03605151052131345,0.04815612892491577,-0.08310468395138337,-0.03210071120538688,0.024856969676300942,0.04681374362283494,-0.05794141271582183,0.05304543082203919,-0.08282188834462721,-0.011937206894634083,0.039378844370932795,-0.010315036690200478,0.008143620746875538,-0.005110356251536929,-0.00035538674246896095,-0.06792222456297067,-0.24624791150757158,-0.004619446338555364,0.020970931027888474,-0.017162314615814696,0.021926973896872145,-0.08447568273276353,0.023993496238679274,0.018332985429843508,-0.06547340722152234,-0.01932186185725657,0.04039286084959165,-9.1284332186766e-05,0.011368037576037932,0.03961609374910631,0.02254978429168858,0.004093636591433253,0.04625889406141836,-0.005114835644743587,0.031102626960679784,-0.059244903085401375,-0.0530252146478557,0.03139786243829329,-0.009591723147869996,-0.018042300603695095,0.010513602061536662,0.10187580923988236,-0.044460029855256954,-0.009877468635907412,0.008532040634980592,0.008756651940636835,0.04520320698319621,0.02654790758664891,-0.036276056074793214,0.0005565885270905805,-0.0218702644828366,0.0024806821617808614,-0.02263233611424479,0.04046463582348076,0.005484079024737703,-0.7044294143459207,0.025595266391841464,-0.048678962058061305,0.13186078720757047,-0.0248253157531171,-0.003954286810133856,0.019819562124833486,-0.04923031778556164,-0.006978585549004523,-0.1400357380884575,-0.04165444434976444,-0.01478852927582287,-0.08266844660128302,0.00848955284231185,0.03839314366688953,-0.03939040499002611,0.05784263318586788,-0.014294548337200876,-0.023836402181754295,0.008750175668357028,-0.01450113288250736,-0.01138852937768259,-0.013016612338763172,0.02588741497597252,-0.008051308745384877,0.012225176486646144,-0.04307357188915462,-0.023641304743258235,0.902850678419357
-0.04479200084410968,0.02571309674286923,0.037193359393514515,0.007032203306353148,0.0030576085279441496,-0.018698934786302423,0.014148745803153917,0.028180620553971126,-0.013527955871033028,0.01999035307128761,0.024676217331842623,-0.015088959729076933,-0.0322045634842148,-0.0012561249108311958,-0.015281362127093703,0.00038668451682712747,0.009610001064696422,-0.027323328831724142,0.027749460815023184,-0.007620537231205263,0.026238575673800727,-0.006822401283402934,0.02901444986348996,-0.8549726901953386,-0.026968258831321104,0.009459500971610768,-0.012032815857434627,0.006331181648260417,0.02189941477940962,0.007839136124285828,0.018662329287150427,0.012032329182438975,-0.02305559165706976,0.0063583223278716626,-0.029968680258132666,0.01275082899413182,0.0036029368352245364,-0.0007262866991201969,0.025653542862208546,-0.027447565128094927,0.0008832438843549444,-0.005197575316058415,0.021085932084025327,-0.00980157181453811,0.003766227116692236,0.002450388189396076,0.012038648248202423,-0.0014188683958362602,-0.035751245249313564,0.015258509049638967,-0.03267560354811565,0.02237027921971178,-0.025208941470682204,0.008807690737612532,-0.007214004260391192,0.012794990102670914,0.02004717678141776,-0.0002136572231680079,-0.0004829073016135517,0.039392544993476955,-0.04420681407270962,0.02236771399264535,-0.00577068975453545,-0.014771272994173613,0.02427008645359498,-0.06764964976478441,-0.022344259909958693,0.0027278858913101227,0.03604604493957912,0.012972064314897997,0.025362562159504047,0.02854864397454101,0.047289623876626045,0.00714481980618341,0.027675634011031743,0.023326611144892553,-0.029922344790645882,0.02327744133404977,-0.01779786007530785,-0.023431412935385233,0.002940844296559168,0.03250856825945238,0.024411671012189953,-0.0193374127220917,0.047855671004780415,0.008593085938242605,0.023562696412096035,-0.0003183713650916309,0.03318151507656809,-0.007079713628972119,0.912562000209939
-0.005814739906043131,-0.016759853051738136,-0.01299735258880418,-0.016371550017372085,-0.006221111789482057,-0.01105384265064712,0.021009916173446223,0.016734770863736044,0.038743513950742034,0.01151712508951765,0.022699749144579874,0.019815898747092164,-0.031269442940621756,-0.0031069593404662384,0.004490694186291035,-0.006041950598649417,-0.009529275347393512,0.012141394732656508,0.008888044520744385,-0.020487186075467245,-0.009884672893373999,0.014344439321881806,0.006492538810059477,-0.02482670063853653,0.0005165662327776618,-0.002124177084578634,0.0033152524528445105,-0.022122745580179806,0.009719865369367064,-0.006982962546380492,0.0007409936503253628,0.01428049686200652,0.006790265024605846,-0.0037973232916595286,-0.00640585155589675,-0.004216011087492287,0.0068414682863405935,-0.012721350670750664,0.004287394179974294,0.028174966415193393,0.003139973867530088,-0.01879190041576377,-0.012222832365270855,0.0009922962364565125,-0.004364122704489298,-0.03673267218032252,-0.01615207070249031,0.02288742525994461,-0.01447286967460754,-0.017226517855776762,-0.9149468906292038,-0.003573669305656148,-0.023978794177647315,-0.003187222617535858,0.009661972788594566,-0.014570483866611321,-0.004835053197352931,-0.003367336365144503,-0.015884173730395145,0.008848916956254435,-0.004147609287594992,-0.0233090291953241,-0.00940619699882206,0.005166851544063228,0.01166512544931396,-0.022379267976845574,0.016477411300061848,-0.005449281649674925,-0.036055135624535155,-0.02429651301077679,0.0028041768036267214,0.0491351881733076,-0.022760196841742998,-0.023226451407822226,0.01974391365399788,-0.003877951664127861,-0.028730659358182774,-0.01890811936090629,-0.011144979071278106,0.004751900974711068,0.024073596390650084,-0.01797370735149389,0.010221393945841479,0.022223848056342605,-0.021507261353528883,0.014862415563087752,-0.002846318757948602,0.0085489552286288,-0.03278616995772218,-0.003956337497693413,0.913275477490277
0.010805784970174663,-0.0018231134754749204,-0.014936053913755043,-0.00711357440720912,-0.010648395701100386,0.021487344647146314,-0.0120429887499322,-0.01652554759761075,-0.07028822445055369,0.012753525490680928,-0.01277966608102498,-0.00994974962681733,0.030038895467064237,-0.021098410140071043,0.02269395637760118,0.01028554865867531,-0.024776616583688783,0.02592281996302526,0.014763969007657732,0.015743799509365473,0.03096528421651957,-0.00013674641620415565,-0.030206414360489015,-0.03608833866853032,-0.03498289914735896,-0.00321271766545292,-0.0464663975812046,0.016242511151687906,-0.03887455225751016,0.022502081651812673,0.018599759091015744,0.016177567970978027,-0.011526950886704638,-0.007780731563330067,0.004089940667640953,0.0008046376885251508,-0.012868696859378432,0.01144277142143043,-0.004633840026071528,-0.00961697945936293,0.034195344180019197,-0.010402268550327587,0.0057037921856322145,0.018253073566802027,0.03927176589820407,0.029249401503069056,-0.002294905897887257,-0.017272418169246524,0.017327856337595534,-0.003943269174268187,-0.09551298639780957,0.014645769990323038,0.006288523115465399,0.021644417935191826,0.01421075295127155,0.015423360440094461,0.010199129270434213,-0.03331688066355702,-0.022389762007204904,-0.046909713312512744,0.01019527712330435,0.03160354603046045,0.043643846675736044,0.0203631196339887,0.01930402323956706,0.054904958149102824,-0.012813613023531862,-0.031406929070782644,0.019298846661139926,0.010055873084900987,0.005765275409795505,0.8220302356448517,0.03138475513113496,0.024323996470051075,-0.011971740266213254,-0.052249748240109105,0.05404439648838383,-0.013773693806057294,0.036705722406842695,-0.02123762311559685,0.015505696692995416,0.03583479389277757,-0.012852396183303697,-0.043329164423702216,0.013941445486105968,0.0229419933496647,0.01485272430898873,-0.048998853830564376,0.019329897908619643,-0.013466483308354205,0.917479377567034
-0.030851966334800498,0.031140153212148095,0.011753186138724682,0.05185169469752085,-0.020389739687957657,0.02574589211593919,0.03677004899688703,0.011275807089454751,0.029792363505153928,-0.0029278547801592,-0.00436723046910781,0.058179621501453095,0.008953488990618227,-0.030940486312257345,0.01125592310749537,-0.025397959072503213,0.005198253243300646,-0.01759125926220375,-0.017446158108609958,-0.011311948751671895,0.0652141733433945,-0.021667933765570288,-0.036962752234377214,0.09682414125962649,0.02003001619966659,0.039957289103878316,0.06607842356992379,0.019643594116103526,0.011970878363316024,0.049633233027574414,-0.006133438017283115,-0.02753581303985339,-0.026889874252119743,0.022342813401417007,-0.016675725437238484,0.025796683109829126,0.03765492066865495,-0.001890278482109865,0.004730099394746258,-0.016994761990804377,-0.05549637734582616,0.021438311891770218,0.03139508299634398,-0.10287284972241606,-0.0008386246012229079,-0.016771086474102703,-0.002268786998073579,-0.004243193674510391,0.062921534058418,-0.03286213713530518,-0.004273279337528211,-0.0038093578761360138,0.003396454612023551,-0.004084528635978742,0.022232271304060934,-0.0389424328501972,0.02225903150008127,0.04284993568472243,0.03450169632238026,-0.7594779790491024,-0.020500056084710904,0.06205131716808189,-0.021114272139792136,0.01804310883465749,-0.008867205424933286,-0.02220539609677744,-0.06508762226104675,0.0632172561381587,0.132457708976719,-0.010614307572083391,0.21341970385016734,0.13906704554165336,0.03442408581631165,-0.03337399466416737,0.007787877508180774,0.03613301999840339,-0.023819938895024238,0.00779407965243554,0.020745688414551943,-0.01835337233431602,-0.09978399546790323,0.021952988039604396,0.011748629331974283,0.0030005127920659175,0.03320229019480919,-0.060604286083711274,-0.02547739773002316,0.06946909770548113,0.014279688925825786,0.028525060109888214,0.926925013118495
0.006869018459462621,-0.060766264865602854,-0.0151873720677441,-0.08698254736270655,-0.007736811396233997,0.0213932521286982,0.020487632861087946,0.013693523763807275,0.31760673769596093,0.03398990754812401,0.036429515035945506,0.003597388238056615,-0.09085756748309412,-0.01675372341120883,-0.03381787455773944,-0.05397518822947756,0.037220523588746744,0.0008841265533233104,0.04208310629487932,0.001912638388611608,-0.21664818211235393,0.058351483474265345,0.0791037924199846,0.006120773437794121,-0.00936422224419244,-0.0023379939630643128,-0.019210823023984448,0.005781751482832706,-0.017746793762947126,-0.039844103009337876,0.023248852126819108,0.012594614856682647,0.03081491263904923,0.026405333004781664,-0.014337898818317448,0.02341509235090337,0.044015743023645554,-0.03480836212471951,0.027245181851031464,0.05207431337767833,0.0028841250488685632,0.0012120932417074748,-0.18972084141144516,-0.014654796964177385,-0.02412427483409152,-0.052322582275045285,0.011923496785759982,0.036512417686946304,-0.060633853389881705,0.018331546350345215,0.18597921334330567,0.022586365371047485,-0.03508186198140917,0.0020945242855172097,0.0007201625451311361,-0.019722449297885587,0.0156031304196007,-0.027419833673982312,-0.030688437230252434,0.01852166280212586,0.0006343040401803526,-0.10492572059508819,-0.07303914911575843,-0.04345975423589918,-0.0030542274827940114,-0.031739022992055485,0.021021216237852747,-0.03654828605864099,-0.08618419430832928,-0.05659029778192707,0.554062120974643,0.21402962844512616,-0.11604981062057854,-0.04102969132383998,-0.00043005382670199474,0.0628487762836783,-0.11031025693170685,-0.0062065372503380106,-0.05461691624490655,0.003518357870800535,0.04555029135263255,-0.05249504413545319,0.04673835322140647,0.03323007745807969,-0.030924691100480725,0.04166126052077829,0.02938690481922156,0.007189325774934867,-0.11150059216377453,-0.029928910264515836,0.929959622748165
-0.004700133488302652,-0.003915419572082325,-0.02132151747723171,-0.0074619735420874585,-0.010604693547679926,-0.053175761936280076,-0.01092328193473719,0.01084853646171549,-0.1291526968794369,-0.004078578236411799,0.0017720113557198399,-0.016627277535272135,0.04603585585593518,0.00829002884651823,0.037576334209639385,0.05982814756219846,-0.06801573863801272,0.04067165101037778,0.025042025857003124,-0.028289692486941336,0.12223537464745553,0.004512958018765191,-0.0782332956913864,-0.05331580210057951,-0.035381636045490425,-0.009869876365836411,-0.03925531438015575,-0.04240937533291409,-0.009785309279979974,-0.0018094164396841514,0.014737288478136197,0.04619355205386447,-0.021498784342906356,-0.016906802003860764,-0.012714073347502563,-0.05713319483988731,-0.0697016831998616,0.0006782996565699145,-0.0013456937758488752,-0.0215173457398734,0.05941592706710542,-0.06764352441062417,0.1050591398577536,0.07147996722067003,0.031949115140000095,0.03691773609342863,-0.027499911617081523,0.019494162543885706,0.0015852125151959722,-0.013629242728700771,-0.05947251885280578,0.0023207570017964164,-0.0074058653803048945,-0.0005562841237787151,0.008990800248250174,0.009780564295599287,0.002025191820830448,0.008303966418396713,-0.024893793876329524,-0.029019224651620854,0.0008219056733596384,0.039647218386766665,0.08099129201921612,0.09973238047270147,0.041701507794620764,0.022227828199794884,-0.009726470791551457,-0.013666405709479024,-0.04669030320657943,0.0629406729522277,0.6574664478750369,-0.28068530482471504,0.09628576777212622,0.04904384249809248,0.03811841507850902,-0.14540833342259382,0.06887716654219679,-0.029060481997615104,0.05572375219748971,-0.017750053262652755,0.0611925516124374,0.03836526422667955,-0.013149792376910741,-0.03993598454303602,-0.0013297716467765423,0.0220951805219388,-0.0032024438327275567,-0.05286147127730303,0.03354827879627297,-0.04632220216261466,0.932908939484808
0.01276579598445744,0.036151595814932706,0.00520322116118878,0.018754605484426833,-0.006982860599950635,0.024017050123221105,0.018187549787655355,-0.004955052008311642,-0.07983477313245559,-0.006957159832039178,0.009024276547226722,0.020035276724538562,-0.01826896205144292,-0.015678889699509348,-0.004318997434456795,-0.04416912112711986,-0.005943714861096701,0.0029454063699325076,0.0021558148333043915,-0.004529192418469822,0.03280406657479089,-0.02883561601286538,0.01151277791492948,0.06923754433339495,-0.019960401214422125,0.006575393352565111,-0.0018113127687986574,0.002731955512660089,-0.017438919984469656,0.03220279565751648,-0.025072272407303586,0.02382401638252476,-0.027718936016836192,0.0073539896724217416,-0.01577099369274428,0.08866561692958348,0.044733535197177675,0.022494509532190045,0.01871968312592785,0.004436021002217444,-0.019711749461563618,0.03475241812189813,-0.027031426812299652,-0.06774763523807369,0.011734384484773416,0.01852269206497445,-0.033435319987761475,-0.05040917260940676,0.04503392262971398,-0.021410649424098302,-0.04188493656998252,-0.009630644645089838,0.017838698162672823,0.009150514184403453,0.013243252544756718,-0.016300774028749354,0.020153349629601577,-0.030012199219154406,0.002871850738996266,0.04271874477439494,-0.016620758479288452,0.05473202753015311,-0.014681245828321641,-0.039356170620093174,0.013153042486280405,0.007673389378695666,-0.013339983412819174,-0.0012094332535353262,-0.8313681490140795,-0.019849667888339174,0.10239554441761839,-0.022371787775079467,0.017012285064019337,0.012063132381994668,0.009751904735514322,-0.012912952536284933,-0.0026921679576117036,0.014355801303434971,0.025973993105794686,-0.009449127206677056,-0.06454129747538732,0.023976616851008464,0.013369001260918141,-0.0459361546715804,0.05320315907491482,0.009743222141431506,0.02329874039801004,-0.021076065447505298,0.017538714764306542,0.04170769670122426,0.934525043245468
-0.006750865718195162,-0.015812343019586953,-0.014908731116070299,-0.02663529701342291,-0.025082343566239985,0.022335334261054825,0.026975043643034144,0.013186521839420389,-0.8241696303717334,0.014827981905508629,0.013323949622189565,0.04421242496155802,-0.04152420222609754,-0.04177567492179504,-0.0021621944746863728,-0.0020397248198720506,0.026653298813626564,0.0062823770049495326,0.026028057199116418,-0.0004718815901202109,-0.051838808791828145,0.02255647337282579,0.007519179594378873,-0.006893493598890914,0.00251861639378771,0.032159236544076625,0.0066733805219639595,0.024956715759957792,-0.0111481689491674,-0.006086683955418427,0.009712119793684295,0.001025389832307536,-0.009405053239603257,0.0018582179266526477,-0.014144211175672793,-0.021708157199656436,0.019540291276657528,-0.040798340711150655,0.012568949890249493,0.038324743809690046,-0.0018164612832897472,-0.03097057962794469,-0.06319725891314192,-0.005122618166560488,0.01764454137424495,-0.058494600776354225,0.01734854228693748,0.03942152947338517,-0.020532963041442184,-0.028984345871344252,0.09354860319319214,0.05035613891793339,-0.034598162181238214,0.01205113199330569,-0.0002907808798326682,-0.016382413393907447,0.016934956552352668,0.01656116591497203,-0.021365377870256344,0.020200620513077583,0.01792451009477064,-0.050928796399517785,-0.004940034567775578,0.016138787746670675,0.008304647184028808,-0.005480042881216365,-0.007862483781846164,-0.003239836130911324,-0.08955849598180274,-0.05152618022151807,0.026227161370021793,0.07301648045722126,-0.057656449596474826,-0.05508080575305866,0.0027244741675863937,0.015708961571774267,-0.03250621400423581,-0.009306809438691279,0.0115286381552661,-0.009996202348628138,0.033435926091539,-0.012820992558394109,0.007815858929510323,0.04071513070409128,-0.031748325198092,0.023034221783708668,-0.0030224495303638813,0.0667858765926237,-0.05030917495969837,-0.008646635480557302,0.95034120256737
-0.029249992227901634,-0.04415262597374587,-0.012735649648909204,-0.01641720049733504,-0.008414031219709881,0.011942007077447147,-0.0055764854489084,-0.0024700805262980285,-0.06638375159662352,0.02951078825826521,-0.007411514761986044,-0.013720201008801263,0.031699198971826104,0.0012819372459531378,0.0066929883438021295,-0.028615285019938735,-0.040426817346367404,-0.0044595436165264625,0.021164874982510046,-0.008647371051830416,-0.02734430644402938,0.0396421592669262,-0.0005921690441645422,0.01623768509333078,-0.024118357226724806,-0.0013465503377815503,-0.03082871661855975,-0.040885658666908686,-0.033303221214044124,0.01779668297681721,0.013281967364433437,-0.005258449008809521,0.003865776508784666,0.024464745406512074,-0.004399362395608537,0.010839584165707817,-0.011773655074367,-0.0006237457781674222,0.04368270821736857,0.0041798274599237056,0.044755171650202395,0.0015397834179669998,-0.009669761628998286,-0.013806582996872105,-0.02328798270995279,0.0002890683992681274,-0.01720154961193829,0.0030552762462954103,-0.009378307049920242,0.037578239813534225,-0.013039672730724448,-0.021420820016268133,0.0009289514596423579,0.01763074720910856,-0.0031735025190662704,-0.009517327730949491,0.031165743430926617,-0.0370048804378417,-0.021080793717739816,-0.016830342887933315,-0.036397863600370665,0.021420244551913596,0.007707603320838846,0.0007936520593346111,0.013355955690849524,-0.03448543104107696,-0.014515345544997973,-0.019927806750141056,0.019721020524783923,0.009215917457804746,-0.02883287123191104,-0.03412380008645943,0.030957944465558565,0.006097889122934116,0.01980503020806393,-0.001450218960481406,-0.008751313392148949,-0.01797513915269079,-0.02836520350992669,-0.02011009501497533,0.020457050353538363,0.0077050976784463114,0.02113917695165656,-0.02621633777099948,0.024704462819319636,0.03042043098965341,0.03754206385579762,0.8981773986237399,-0.015702817698425783,-0.029131647492103042,0.952627737634651
-0.00614755011661743,0.026750666513015164,0.0015942057784565592,0.015126954293985608,-0.008857917525814092,-0.01606507384845399,0.015033533529072744,0.029625362939450933,-0.026048676982223223,-0.008374874100458346,0.017229239072273358,-0.0014845725161626948,0.008364306275509433,-0.012488096928406146,0.0302604144365679,-0.001832737007459239,-0.02505986383188352,0.01763737030234402,0.0053172851638277506,-0.010451229164273455,-0.9022020117926917,-0.014534471368365345,-0.03260049904813892,0.013956469753374336,-0.016452759106911838,-0.009264568257912113,-0.0033215730632371603,-0.01428951389880773,0.03463290673893617,0.012690270930621736,0.013540233808946759,0.01541901981492527,-0.018125485715578992,0.0011599359556448475,-0.015444969532637978,0.0012024625286399155,0.00919111565249509,0.015907173318870423,-0.019306780057360737,-0.0057154178406666825,-0.02265815591902853,-0.007417142511781889,0.0635349447633465,0.009546034411116275,0.024900789788536527,0.0067659279531906615,-0.010390626055943418,0.0035805939400212986,0.004045167735518736,-0.029890105853219905,-0.014071601382235491,-0.011366344863988477,0.0019561114037413086,-0.015414202921445505,0.029593657036512153,-4.2426788137340205e-05,-0.02130990176663157,-0.0006936445058057612,-0.0019371705414866736,0.015544396381767082,-0.00550415972239346,0.0348205185071451,-0.0007816665274403489,0.021615825116574932,0.008907238474684838,-0.002906191412032443,-0.023761504581713583,0.00836206212884028,0.030609508553014208,0.011095597405341627,-0.02851051091726988,-0.022207043015352507,0.04228110307416519,0.005274363564461633,0.012938324383203324,-0.011556620909529929,-0.008688976088206037,-0.00866879792742011,0.012863623042056358,-0.015744736529861504,-0.0012736233619388229,0.02941640103613388,-0.0029531260630408993,-0.025239273501583875,0.00716617792923518,0.005160646075719685,-0.009759809726150384,0.019379770573805976,0.031895827522935426,-0.0023882446772374773,0.956957157607652
0.04868746398528529,-0.0334855021077043,-0.03865876741093749,-0.03028263145742196,-0.005574637384926664,0.008010051093985495,-0.010647892815401034,-0.022483161273654222,0.025111974527181505,0.0020621774528653417,0.00030587294003555157,0.026731781243109546,-0.02047863557679903,-0.013004854386237743,-0.003918480781633488,-0.024118153708193917,0.024965391448879284,0.02726955039447306,0.03195012626139053,-0.009354579471609935,-0.062540248163721,0.020986842736603697,0.010591636515884531,-0.0045290751453201765,-0.0024639337646790095,0.019367610523864428,-0.01056407841938114,0.014847033572590162,-0.04999477250946354,0.01076230278995388,-0.0027950549777480283,0.023889445590805462,-0.0066092892267656436,-0.004975971953176155,0.0019009053578517192,0.02674106820214491,0.008619269207731458,-0.0176052536261475,0.025712014385447252,0.03483298002609873,0.0355386550834087,0.02414572970900302,0.8868255701620955,-0.02869524032061362,0.0026712560824684963,-0.0285279302547512,-0.002904027320088612,0.015575474286958404,0.008248914387057656,0.006455113355695893,0.012944265853799488,0.037610607936679946,-0.007434357836203212,0.003904004150948172,-0.010880188247262964,-0.021545472971007576,0.019330863179088362,-0.010819345430546688,-0.01539996860499442,-0.0020047153872510388,0.0206244108972565,-0.02541254735580216,0.008056607066873007,-0.00024486752646584706,0.012885470887070842,0.015540309062821271,0.013102689099085602,-0.015813596172026156,0.012495978824470485,-0.033455918458747125,0.017745455758821808,-0.006186097006202556,-0.05021932294657116,-0.012222784191287245,0.009605927723365265,-0.02833325253121658,-0.008118444508904818,-0.008330562872384885,0.03296228891701666,0.009292326883468274,-0.0066731102407265605,-0.01611477632440543,-0.0013083337751324522,-0.005325719930824133,0.008308993890402398,0.021985045118793508,0.03371371600824272,-0.0049287002632627175,-0.055153622532772784,-0.0012184124980375948,0.978584368069684
0.8934482350844911,-0.0030159305383447486,0.03774773869422883,0.01443699696024655,-0.014483403730073365,0.029094163933062227,0.01689562299116814,0.025273731011551438,0.015586172374484553,0.022708171384674236,0.008502191077976185,-0.02375512039782888,-0.0203385229905817,-0.012820372638588783,0.01020256424984124,0.029431122614325924,0.004078364120828882,-0.05930505691551203,-0.028375288320512924,0.011422303223811294,0.010545603725434225,0.009712549181421571,0.013341917341008935,0.025322871198379053,-0.006815775896284702,0.0012197072021876865,0.005012103031645694,0.003539846167171472,0.008837626164313637,0.0009518370673266546,0.019088923294511118,-0.03457049746864326,-0.002366521005387106,0.02222356776238274,-0.029831975865578574,-0.03675827657594663,0.013782905962739069,0.007661166274626273,0.0132566774624196,-0.011276233224685383,-0.002030984555401659,-0.036902316444615904,0.05984986817173874,-0.00348527843978056,-0.004601411898900821,-0.01279662935646825,-0.004111159811886368,-0.0060587762197402166,-0.01348120117221602,0.01583076192186809,0.012675731013176093,0.018371199618017718,-0.03029492686646893,0.04204392816631907,0.00651479924989436,-0.005430797165557231,0.012502428356092133,-0.019761951006319407,-0.007731342644868802,0.009111815395609532,-0.056429083158836255,0.02639202410171672,-0.003949255242568688,0.00048273241734079597,0.015795305909702576,-0.040270137729844814,-0.017145018939101045,-0.012046523493125065,-0.016191330710626024,-0.006188424871511026,-0.012010928573468848,0.007979889094999427,0.04058471156859713,-0.01886966129142154,0.011173047868573103,0.03041698426993592,0.0031533930041432773,0.002583024111668994,-0.014158608488828838,0.008304952469925391,0.039081384353928585,0.02063340924170168,0.024450377552052635,0.04342051000843128,0.02139043512583656,0.0174607529710618,0.007148898459909192,-0.021032165031822543,0.025342324296667787,-0.03580208164143543,0.980518416746803
0.03847740765291566,-0.004551700230229999,-0.026369741591371884,-0.01563349524524178,-0.006348179033417384,-0.014923158276415155,0.012781374124542081,0.0026946157029330516,0.0005506462284684877,-0.007878645431236968,0.010359236025342812,0.02830114583607266,-0.006084251096261566,-0.013568157732180426,0.009143895027564223,-0.02028574060755593,-0.02022599212793309,-0.9517647174044016,0.019651827886699457,-0.004558963155883698,0.014889670602184494,0.007255894540025595,-0.011429664690380557,-0.009481132067422158,-0.006029275281042108,-0.0014482346101232619,-0.009746964249260035,-0.0036976704745658433,-0.01496324052583615,0.014651296118031775,0.008010090959873433,0.018508946835202784,-0.015694412630649985,-0.013795604547901323,0.006297330112664447,0.024893352100115198,-0.0029087940879619395,-0.01543265923377021,0.0032655434495415226,0.017397895638820163,0.006869982019609216,-0.0012120174946925694,-0.022812794708120383,0.004376000546368662,0.009055136436968217,-0.002008199637977747,-0.0029051007997554098,0.015370880853156247,-0.0014741170949094356,-0.017206456625218143,0.009358097671653272,-0.007284525848691619,0.005484967169629524,-0.012942422339259598,0.010766174987901294,-0.008672823954875291,-0.0004404881730311914,-0.006877523120711125,-0.0056684233739412865,0.0022169753600193073,0.012128141327491298,0.0033857775339208194,0.0084553523381072,0.005694435940891319,0.0056575922020507975,0.0005329219994269331,0.0001455551786871359,-0.007315441895043066,0.00998029892131367,0.005412282654999695,-0.013726195043914011,-0.009214255820335056,0.0017275309190105555,-0.008006877039821276,0.012172537306464344,-0.024142378194438065,-0.006972356896349243,-0.018109850440718264,0.011120865365805964,-0.014388711840328592,-0.014414524329821524,-0.00041460385744190143,-0.003468444089031141,-0.02565689921290789,-0.005951115281145766,0.008970671160581705,-0.002572423697871429,0.002339784930540585,-0.018930155792135275,0.010895613157823027,0.987411566226677
